mean: 1.858701 -1.650132 0.745498
cov: 0.025612 -0.004584 0.003115
cov: -0.004584 0.009020 -0.003908
cov: 0.003115 -0.003908 0.013889
mean: 2.395550 -2.994621 1.831259
cov: 0.021415 -0.000393 -0.002559
cov: -0.000393 0.000565 0.000585
cov: -0.002559 0.000585 0.016193
mean: 0.137431 -0.144938 -0.036731
cov: 0.000904 -0.000226 -0.000000
cov: -0.000226 0.001348 0.000009
cov: -0.000000 0.000009 0.000019
mean: 2.922512 -0.577486 0.280844
cov: 0.009036 0.001494 0.015558
cov: 0.001494 0.051668 0.002164
cov: 0.015558 0.002164 0.027718
mean: 1.410275 0.172796 0.094328
cov: 0.050362 -0.016401 -0.004199
cov: -0.016401 0.026695 0.008527
cov: -0.004199 0.008527 0.014927
mean: 3.318014 -1.529365 0.950106
cov: 0.017937 0.006672 -0.003093
cov: 0.006672 0.026048 -0.007833
cov: -0.003093 -0.007833 0.045081
mean: 0.522700 -0.449672 -0.026620
cov: 0.000119 -0.000254 -0.000006
cov: -0.000254 0.014569 0.000013
cov: -0.000006 0.000013 0.000000
mean: 0.137893 0.159578 -0.036312
cov: 0.000942 0.000252 -0.000000
cov: 0.000252 0.001251 -0.000007
cov: -0.000000 -0.000007 0.000021
mean: 1.616719 -1.765532 0.061872
cov: 0.026562 0.014124 0.003981
cov: 0.014124 0.045122 -0.001076
cov: 0.003981 -0.001076 0.008433
mean: 2.219475 -2.996047 1.066321
cov: 0.027971 -0.002244 -0.017776
cov: -0.002244 0.000759 0.001735
cov: -0.017776 0.001735 0.058589
mean: 0.366858 -0.421981 0.005413
cov: 0.025923 -0.002454 -0.000896
cov: -0.002454 0.032292 -0.002879
cov: -0.000896 -0.002879 0.002276
mean: 3.350665 -2.981621 1.767824
cov: 0.104743 -0.001467 -0.007970
cov: -0.001467 0.000565 0.000830
cov: -0.007970 0.000830 0.038493
mean: 0.522681 0.086373 -0.026619
cov: 0.000141 -0.000000 -0.000007
cov: -0.000000 0.009147 0.000000
cov: -0.000007 0.000000 0.000000
mean: 1.878754 -1.611871 0.359067
cov: 0.022158 -0.001885 -0.006620
cov: -0.001885 0.002122 0.000368
cov: -0.006620 0.000368 0.026885
mean: 0.138826 0.003858 -0.036483
cov: 0.000402 0.000221 -0.000060
cov: 0.000221 0.000967 -0.000049
cov: -0.000060 -0.000049 0.000170
mean: 1.557954 -1.882594 0.684576
cov: 0.001047 0.000202 -0.000188
cov: 0.000202 0.009074 0.001158
cov: -0.000188 0.001158 0.027348
mean: 0.316982 0.382819 0.004868
cov: 0.042736 -0.000576 -0.000606
cov: -0.000576 0.029923 0.001284
cov: -0.000606 0.001284 0.001392
mean: 3.392872 -1.428878 1.327969
cov: 0.017694 0.007031 0.000797
cov: 0.007031 0.008302 -0.000831
cov: 0.000797 -0.000831 0.050976
mean: 0.223312 -0.244900 -0.034825
cov: 0.003491 -0.001046 0.000100
cov: -0.001046 0.003490 -0.000033
cov: 0.000100 -0.000033 0.000018
mean: 0.344781 0.189147 -0.031649
cov: 0.022855 -0.001072 0.000563
cov: -0.001072 0.010385 -0.000026
cov: 0.000563 -0.000026 0.000025
mean: 0.522338 0.288355 0.048329
cov: 0.018396 -0.006273 -0.003780
cov: -0.006273 0.015642 0.004985
cov: -0.003780 0.004985 0.009336
mean: 0.521875 -0.132031 -0.026578
cov: 0.000123 -0.000079 -0.000006
cov: -0.000079 0.011753 0.000004
cov: -0.000006 0.000004 0.000000
mean: 2.932817 -1.105901 0.261525
cov: 0.016171 0.001800 0.021150
cov: 0.001800 0.062521 0.013137
cov: 0.021150 0.013137 0.040335
mean: 2.792295 -2.988270 1.660983
cov: 0.029994 -0.000623 -0.001658
cov: -0.000623 0.000650 0.002513
cov: -0.001658 0.002513 0.056830
mean: 3.336761 -1.545156 1.610434
cov: 0.019204 0.010528 0.002786
cov: 0.010528 0.021435 0.000292
cov: 0.002786 0.000292 0.018502
mean: 0.341541 -0.522188 0.111636
cov: 0.019220 0.002372 -0.003720
cov: 0.002372 0.002174 -0.001161
cov: -0.003720 -0.001161 0.003755
mean: 1.967218 -3.000602 1.736221
cov: 0.039497 0.000903 -0.001406
cov: 0.000903 0.000604 -0.000213
cov: -0.001406 -0.000213 0.019049
mean: 0.302980 -0.092502 -0.032472
cov: 0.010999 -0.001597 0.000311
cov: -0.001597 0.005233 -0.000046
cov: 0.000311 -0.000046 0.000014
mean: 2.485118 -2.996131 1.353960
cov: 0.075259 -0.001847 -0.030539
cov: -0.001847 0.000580 0.001776
cov: -0.030539 0.001776 0.044890
mean: 1.927760 -2.994472 1.893662
cov: 0.083622 0.003406 0.003249
cov: 0.003406 0.000377 0.000153
cov: 0.003249 0.000153 0.007146
mean: 0.225678 0.273071 -0.034572
cov: 0.003249 0.001812 0.000094
cov: 0.001812 0.003937 0.000056
cov: 0.000094 0.000056 0.000014
mean: 0.114961 0.055180 -0.035826
cov: 0.000333 0.000019 -0.000027
cov: 0.000019 0.002260 -0.000002
cov: -0.000027 -0.000002 0.000011
mean: 1.611358 -1.747251 0.520276
cov: 0.004472 0.003950 0.001533
cov: 0.003950 0.009630 -0.000673
cov: 0.001533 -0.000673 0.021023
mean: 3.175072 -0.499728 0.696770
cov: 0.006224 0.002688 0.008843
cov: 0.002688 0.063338 -0.000821
cov: 0.008843 -0.000821 0.015354
mean: 0.301829 -0.328192 -0.032269
cov: 0.005084 -0.001826 0.000101
cov: -0.001826 0.006061 0.000007
cov: 0.000101 0.000007 0.000030
mean: 3.078005 -1.255284 0.558369
cov: 0.015455 0.004725 0.024912
cov: 0.004725 0.033872 0.009294
cov: 0.024912 0.009294 0.043267
mean: 0.140649 -0.062079 -0.036112
cov: 0.001495 -0.000193 0.000003
cov: -0.000193 0.002136 -0.000011
cov: 0.000003 -0.000011 0.000019
mean: 0.155930 0.044549 -0.035203
cov: 0.002471 -0.000716 0.000013
cov: -0.000716 0.002643 -0.000004
cov: 0.000013 -0.000004 0.000017
mean: 1.929867 -2.998217 1.043574
cov: 0.041238 0.002248 0.008679
cov: 0.002248 0.000648 0.000892
cov: 0.008679 0.000892 0.045137
mean: 2.933833 -0.317487 0.267410
cov: 0.010491 0.000080 0.015182
cov: 0.000080 0.028133 -0.000373
cov: 0.015182 -0.000373 0.026370
mean: 1.365173 0.244769 0.452544
cov: 0.031908 -0.008782 0.001569
cov: -0.008782 0.008237 0.002888
cov: 0.001569 0.002888 0.024977
mean: 2.147450 -3.014853 0.483221
cov: 0.075685 -0.001801 -0.018392
cov: -0.001801 0.002331 -0.002748
cov: -0.018392 -0.002748 0.064864
mean: 0.677982 -0.517463 -0.023306
cov: 0.011458 0.002013 0.000298
cov: 0.002013 0.020153 0.000077
cov: 0.000298 0.000077 0.000043
mean: 1.520105 -2.888876 0.095555
cov: 0.189120 0.003300 -0.009677
cov: 0.003300 0.012899 -0.005589
cov: -0.009677 -0.005589 0.012585
mean: 1.228801 -0.978589 -0.007198
cov: 0.063166 0.013020 0.000883
cov: 0.013020 0.067157 0.000304
cov: 0.000883 0.000304 0.000110
mean: 3.624648 0.955432 1.161425
cov: 0.039605 -0.036777 -0.005003
cov: -0.036777 0.051135 -0.001549
cov: -0.005003 -0.001549 0.041623
mean: 2.801429 -0.538700 0.039392
cov: 0.034205 0.001652 0.003895
cov: 0.001652 0.176683 0.000570
cov: 0.003895 0.000570 0.004020
mean: 1.933993 3.011368 1.705562
cov: 0.057521 -0.000495 -0.025284
cov: -0.000495 0.000196 0.000451
cov: -0.025284 0.000451 0.068466
mean: 2.592031 3.020704 1.738050
cov: 0.082238 0.000793 -0.008696
cov: 0.000793 0.000237 0.000210
cov: -0.008696 0.000210 0.035855
mean: 0.400383 0.015143 -0.030842
cov: 0.002083 -0.000049 0.000067
cov: -0.000049 0.003144 -0.000028
cov: 0.000067 -0.000028 0.000123
mean: 1.212921 0.033011 -0.005328
cov: 0.070753 -0.028184 0.000876
cov: -0.028184 0.065012 -0.000850
cov: 0.000876 -0.000850 0.000230
mean: 1.068056 -1.560088 -0.003458
cov: 0.074290 -0.021234 0.000243
cov: -0.021234 0.055985 -0.000040
cov: 0.000243 -0.000040 0.000155
mean: 1.754425 -2.952769 1.832623
cov: 0.052825 0.001349 0.001442
cov: 0.001349 0.000277 0.000324
cov: 0.001442 0.000324 0.021306
mean: 0.275123 -2.937423 0.414082
cov: 0.052477 0.000914 -0.023010
cov: 0.000914 0.001703 -0.001548
cov: -0.023010 -0.001548 0.064686
mean: 0.379452 -1.110525 0.153839
cov: 0.045787 -0.011119 -0.009875
cov: -0.011119 0.059052 0.004091
cov: -0.009875 0.004091 0.004963
mean: 2.841756 -2.960471 0.688920
cov: 0.099263 -0.004153 -0.057682
cov: -0.004153 0.001099 0.002931
cov: -0.057682 0.002931 0.098609
mean: 3.470572 -2.959300 0.817724
cov: 0.176459 -0.006258 0.001128
cov: -0.006258 0.001116 0.000574
cov: 0.001128 0.000574 0.101322
mean: 0.960970 -2.930390 0.120490
cov: 0.062578 0.000373 -0.001765
cov: 0.000373 0.005952 -0.003926
cov: -0.001765 -0.003926 0.014745
mean: 1.153720 -2.956174 0.740863
cov: 0.064218 -0.001568 0.007314
cov: -0.001568 0.000425 0.000541
cov: 0.007314 0.000541 0.029877
mean: 0.785864 -2.971862 0.914697
cov: 0.040430 -0.001317 -0.006688
cov: -0.001317 0.001236 0.002006
cov: -0.006688 0.002006 0.056259
mean: 1.255293 -2.953477 1.383652
cov: 0.041498 -0.000270 0.002551
cov: -0.000270 0.000537 0.001346
cov: 0.002551 0.001346 0.033697
mean: 2.260416 -2.950592 0.784457
cov: 0.060001 0.000285 0.002085
cov: 0.000285 0.000172 0.000591
cov: 0.002085 0.000591 0.068916
mean: 0.367931 -2.954010 1.226957
cov: 0.103758 0.003874 -0.038388
cov: 0.003874 0.002169 -0.002248
cov: -0.038388 -0.002248 0.061822
mean: 2.420543 -2.941567 1.771745
cov: 0.057208 -0.000821 0.005380
cov: -0.000821 0.000164 -0.000164
cov: 0.005380 -0.000164 0.033410
mean: 0.802685 -2.937998 0.637424
cov: 0.032265 0.000177 -0.005156
cov: 0.000177 0.000430 0.000689
cov: -0.005156 0.000689 0.043325
mean: 1.037948 -2.950689 1.846716
cov: 0.039004 0.001961 -0.002106
cov: 0.001961 0.000561 -0.000122
cov: -0.002106 -0.000122 0.015785
mean: 0.718591 -2.952787 1.607760
cov: 0.044125 0.003795 -0.010159
cov: 0.003795 0.000831 -0.001080
cov: -0.010159 -0.001080 0.041378
mean: 3.137389 -2.945427 1.681495
cov: 0.083273 -0.001132 0.010213
cov: -0.001132 0.000193 0.000641
cov: 0.010213 0.000641 0.079841
mean: 1.165734 -1.931783 0.006477
cov: 0.107065 -0.029809 0.000852
cov: -0.029809 0.105931 0.001078
cov: 0.000852 0.001078 0.000231
mean: 2.776262 -2.945319 1.230129
cov: 0.094176 -0.000643 -0.004554
cov: -0.000643 0.000197 0.000195
cov: -0.004554 0.000195 0.032738
mean: 1.065872 -2.941143 1.122283
cov: 0.042801 0.000573 -0.013706
cov: 0.000573 0.000280 0.000020
cov: -0.013706 0.000020 0.033427
mean: 0.315664 -2.374690 0.024692
cov: 0.091373 -0.021083 -0.003145
cov: -0.021083 0.164270 0.000239
cov: -0.003145 0.000239 0.002255
mean: 3.129585 -0.814601 0.544269
cov: 0.018894 0.006050 0.029706
cov: 0.006050 0.044538 0.007248
cov: 0.029706 0.007248 0.048965
mean: 5.836902 1.403215 1.110149
cov: 0.059525 -0.004123 -0.030029
cov: -0.004123 0.050858 0.001301
cov: -0.030029 0.001301 0.114924
mean: 2.304415 -0.006827 0.003533
cov: 0.049525 0.007808 0.000093
cov: 0.007808 0.135369 0.000366
cov: 0.000093 0.000366 0.000228
mean: 5.855050 0.893322 0.719059
cov: 0.082757 -0.037019 -0.014341
cov: -0.037019 0.070792 0.037570
cov: -0.014341 0.037570 0.088627
mean: 3.452926 0.220634 0.007248
cov: 0.115889 -0.000573 0.000730
cov: -0.000573 0.053204 0.000005
cov: 0.000730 0.000005 0.000381
mean: 6.093017 0.593126 0.140661
cov: 0.104780 0.000122 0.017121
cov: 0.000122 0.073426 0.006044
cov: 0.017121 0.006044 0.026043
mean: 2.527476 -1.607122 0.008744
cov: 0.049489 0.006883 0.002442
cov: 0.006883 0.052654 0.000384
cov: 0.002442 0.000384 0.001092
mean: 4.197021 -2.347382 0.032833
cov: 0.141087 0.001001 0.000843
cov: 0.001001 0.085573 -0.000091
cov: 0.000843 -0.000091 0.000310
mean: 3.754270 -2.032869 0.030005
cov: 0.093184 0.012983 0.000873
cov: 0.012983 0.141263 -0.000817
cov: 0.000873 -0.000817 0.000427
mean: 3.049826 -1.896207 0.017762
cov: 0.051692 0.022580 -0.000388
cov: 0.022580 0.124250 -0.001772
cov: -0.000388 -0.001772 0.000275
mean: 4.617167 0.437911 0.013203
cov: 0.307815 0.061900 0.001943
cov: 0.061900 0.135261 0.003296
cov: 0.001943 0.003296 0.000314
mean: 3.605129 -2.850300 0.120384
cov: 0.282096 -0.005893 -0.003295
cov: -0.005893 0.026804 -0.010199
cov: -0.003295 -0.010199 0.015148
mean: 2.405019 -1.178454 -0.001812
cov: 0.043987 0.024924 0.001752
cov: 0.024924 0.067695 0.000644
cov: 0.001752 0.000644 0.000418
mean: 5.858462 0.094358 0.029883
cov: 0.149495 -0.042753 -0.000157
cov: -0.042753 0.101036 -0.000117
cov: -0.000157 -0.000117 0.000797
mean: 1.886369 -1.868879 0.868732
cov: 0.027346 -0.003184 0.000840
cov: -0.003184 0.021815 -0.000802
cov: 0.000840 -0.000802 0.000713
mean: 6.763308 0.790067 0.216161
cov: 0.077662 0.027598 -0.032127
cov: 0.027598 0.052031 -0.007763
cov: -0.032127 -0.007763 0.044906
mean: 5.244293 -0.430531 0.026353
cov: 0.118176 -0.012406 0.005479
cov: -0.012406 0.072084 -0.001141
cov: 0.005479 -0.001141 0.000759
mean: 6.446488 3.015330 1.851090
cov: 0.038389 0.000096 0.000402
cov: 0.000096 0.000114 0.000554
cov: 0.000402 0.000554 0.022568
mean: 6.405828 3.009082 1.342957
cov: 0.038306 0.000565 0.001665
cov: 0.000565 0.000090 -0.000698
cov: 0.001665 -0.000698 0.016922
mean: 3.008254 0.737799 0.015202
cov: 0.081781 0.015717 0.001122
cov: 0.015717 0.060502 0.000141
cov: 0.001122 0.000141 0.000366
mean: 4.562870 2.285186 0.009491
cov: 0.093921 -0.012588 0.003311
cov: -0.012588 0.077590 -0.001483
cov: 0.003311 -0.001483 0.000392
mean: 3.933393 1.564465 0.003433
cov: 0.038047 0.005079 -0.000267
cov: 0.005079 0.082657 -0.001071
cov: -0.000267 -0.001071 0.000804
mean: 1.803855 2.997774 0.868528
cov: 0.076190 -0.001933 -0.054098
cov: -0.001933 0.000417 0.002635
cov: -0.054098 0.002635 0.106659
mean: 3.677676 3.008549 0.432767
cov: 0.070482 0.004973 -0.002941
cov: 0.004973 0.000418 0.000274
cov: -0.002941 0.000274 0.054480
mean: 2.570239 2.259231 0.025139
cov: 0.110898 -0.027494 0.001965
cov: -0.027494 0.068541 -0.000262
cov: 0.001965 -0.000262 0.000574
mean: 5.162613 -1.683819 0.996784
cov: 0.038818 0.016760 -0.004340
cov: 0.016760 0.016541 -0.004633
cov: -0.004340 -0.004633 0.030733
mean: 3.245821 1.552011 0.732643
cov: 0.009335 -0.005011 0.003994
cov: -0.005011 0.027202 -0.003011
cov: 0.003994 -0.003011 0.041903
mean: 3.271604 2.964262 0.216645
cov: 0.117166 0.001064 0.039788
cov: 0.001064 0.005674 0.004934
cov: 0.039788 0.004934 0.041082
mean: 4.568826 -3.001414 0.253156
cov: 0.106684 0.010413 -0.012486
cov: 0.010413 0.009123 -0.009083
cov: -0.012486 -0.009083 0.037179
mean: 3.044500 3.035076 0.815679
cov: 0.037717 0.002068 0.021857
cov: 0.002068 0.000317 0.002356
cov: 0.021857 0.002356 0.054315
mean: 3.733130 3.017507 0.769268
cov: 0.012011 -0.000693 0.003799
cov: -0.000693 0.000127 0.000773
cov: 0.003799 0.000773 0.016170
mean: 3.589702 2.999378 1.285634
cov: 0.171697 -0.001061 0.092922
cov: -0.001061 0.000100 -0.000570
cov: 0.092922 -0.000570 0.080337
mean: 4.253838 -3.049464 1.313142
cov: 0.073612 0.001963 0.020046
cov: 0.001963 0.000494 -0.001501
cov: 0.020046 -0.001501 0.061248
mean: 2.995556 1.913545 0.004572
cov: 0.061292 0.010390 0.000758
cov: 0.010390 0.052579 -0.000182
cov: 0.000758 -0.000182 0.000441
mean: 3.223274 1.438427 0.155228
cov: 0.026403 -0.011952 0.004517
cov: -0.011952 0.030984 0.004727
cov: 0.004517 0.004727 0.020706
mean: 3.873226 3.007914 1.155531
cov: 0.006357 -0.000114 0.000043
cov: -0.000114 0.000054 0.000976
cov: 0.000043 0.000976 0.018918
mean: 2.409107 3.007990 1.250693
cov: 0.016863 -0.000095 -0.005845
cov: -0.000095 0.000502 -0.000640
cov: -0.005845 -0.000640 0.043771
mean: 2.337420 1.662794 0.019325
cov: 0.096165 -0.020819 -0.001027
cov: -0.020819 0.107556 0.002129
cov: -0.001027 0.002129 0.000412
mean: 3.873426 3.006114 1.860340
cov: 0.007459 -0.000061 -0.003212
cov: -0.000061 0.000059 0.000660
cov: -0.003212 0.000660 0.008243
mean: 2.109867 2.986280 1.478511
cov: 0.028970 -0.000334 0.012259
cov: -0.000334 0.000206 -0.000194
cov: 0.012259 -0.000194 0.040442
mean: 2.339085 3.019914 1.811890
cov: 0.026824 0.001747 0.003016
cov: 0.001747 0.000645 0.000063
cov: 0.003016 0.000063 0.011464
mean: 3.115816 3.007419 1.561542
cov: 0.050603 -0.001248 0.015693
cov: -0.001248 0.000568 -0.002248
cov: 0.015693 -0.002248 0.065161
mean: 4.016108 3.000834 1.747913
cov: 0.019138 0.001319 -0.001324
cov: 0.001319 0.000459 -0.000418
cov: -0.001324 -0.000418 0.029322
mean: 1.824944 0.621662 0.492993
cov: 0.016248 0.000427 -0.016609
cov: 0.000427 0.020193 0.002775
cov: -0.016609 0.002775 0.043883
mean: 4.922390 -1.514613 0.020248
cov: 0.098888 -0.034235 0.002774
cov: -0.034235 0.115798 -0.001896
cov: 0.002774 -0.001896 0.000439
mean: 2.722895 1.185666 -0.015101
cov: 0.052390 0.007159 -0.000505
cov: 0.007159 0.023935 0.000096
cov: -0.000505 0.000096 0.000227
mean: 3.529304 2.965521 1.705185
cov: 0.022889 -0.000500 -0.001750
cov: -0.000500 0.000378 0.000423
cov: -0.001750 0.000423 0.026244
mean: 4.634946 2.994454 1.923042
cov: 0.066566 -0.000377 0.001431
cov: -0.000377 0.000053 0.000098
cov: 0.001431 0.000098 0.008361
mean: 4.126525 2.999911 1.201022
cov: 0.023053 -0.000308 -0.004852
cov: -0.000308 0.000294 0.000128
cov: -0.004852 0.000128 0.018670
mean: 3.986360 2.972717 1.221801
cov: 0.028216 0.000865 0.021988
cov: 0.000865 0.000264 -0.000958
cov: 0.021988 -0.000958 0.123513
mean: 4.746059 2.978959 1.670483
cov: 0.181807 0.003316 -0.037746
cov: 0.003316 0.000255 -0.001955
cov: -0.037746 -0.001955 0.044312
mean: 6.918612 -3.060754 1.400583
cov: 0.200548 -0.001472 0.044624
cov: -0.001472 0.000283 -0.001957
cov: 0.044624 -0.001957 0.051728
mean: 6.091625 -2.324822 0.019660
cov: 0.225663 -0.065695 0.000217
cov: -0.065695 0.078425 0.000880
cov: 0.000217 0.000880 0.000228
mean: 6.185539 -1.083671 0.973655
cov: 0.067098 0.034902 0.007422
cov: 0.034902 0.023612 -0.000923
cov: 0.007422 -0.000923 0.033797
mean: 5.788372 -1.303101 0.702404
cov: 0.023720 0.010122 -0.010142
cov: 0.010122 0.007624 -0.006313
cov: -0.010142 -0.006313 0.063404
mean: 5.674222 -1.392908 0.199226
cov: 0.020951 0.013772 0.001018
cov: 0.013772 0.027639 -0.005979
cov: 0.001018 -0.005979 0.031827
mean: 6.033179 -1.187338 0.052726
cov: 0.095938 -0.008921 0.001358
cov: -0.008921 0.017256 -0.003786
cov: 0.001358 -0.003786 0.006935
mean: 3.993672 0.374034 0.622621
cov: 0.012768 -0.004514 -0.003101
cov: -0.004514 0.005082 0.002511
cov: -0.003101 0.002511 0.029227
mean: 4.436546 0.285782 -0.002296
cov: 0.077092 0.013133 -0.003741
cov: 0.013133 0.041286 0.000340
cov: -0.003741 0.000340 0.002546
mean: 4.598633 -0.051409 -0.020385
cov: 0.020547 0.018713 0.000105
cov: 0.018713 0.040163 0.000352
cov: 0.000105 0.000352 0.000206
mean: 7.356138 -0.410966 0.831191
cov: 0.020058 0.011806 -0.007687
cov: 0.011806 0.010119 -0.004528
cov: -0.007687 -0.004528 0.102051
mean: 5.694936 1.583000 1.394032
cov: 0.003159 0.009252 0.005150
cov: 0.009252 0.043916 0.014112
cov: 0.005150 0.014112 0.056937
mean: 7.330134 -0.591156 1.835971
cov: 0.011410 0.008941 0.003196
cov: 0.008941 0.031057 0.004161
cov: 0.003196 0.004161 0.032813
mean: 5.840966 -0.700282 0.004403
cov: 0.061019 0.026756 0.001431
cov: 0.026756 0.062547 0.000838
cov: 0.001431 0.000838 0.000178
mean: 7.309210 -0.715300 0.170358
cov: 0.016996 -0.009357 0.000023
cov: -0.009357 0.057745 0.008200
cov: 0.000023 0.008200 0.027923
mean: 3.936956 0.650034 0.841875
cov: 0.017393 0.006601 0.002164
cov: 0.006601 0.018759 0.000620
cov: 0.002164 0.000620 0.007256
mean: 5.880400 -1.383196 1.151680
cov: 0.127245 0.060400 0.011809
cov: 0.060400 0.044666 -0.001783
cov: 0.011809 -0.001783 0.011614
mean: 7.356175 -0.429220 0.316774
cov: 0.014813 0.011495 -0.006100
cov: 0.011495 0.027373 -0.016741
cov: -0.006100 -0.016741 0.051054
mean: 6.952375 -0.732894 1.160664
cov: 0.062511 0.015367 0.028116
cov: 0.015367 0.018628 -0.002627
cov: 0.028116 -0.002627 0.041727
mean: 4.235222 0.535626 0.851996
cov: 0.014206 0.007776 0.000331
cov: 0.007776 0.019822 0.000057
cov: 0.000331 0.000057 0.000488
mean: 6.625873 -0.805044 0.014086
cov: 0.066937 0.006626 0.000523
cov: 0.006626 0.129796 -0.000530
cov: 0.000523 -0.000530 0.000171
mean: 5.934069 1.168359 1.458352
cov: 0.032777 -0.008817 -0.010612
cov: -0.008817 0.006217 0.004805
cov: -0.010612 0.004805 0.039878
mean: 5.002505 -0.890317 -0.016639
cov: 0.067161 -0.011199 0.000349
cov: -0.011199 0.044828 -0.000024
cov: 0.000349 -0.000024 0.000203
mean: 6.411724 2.920429 0.241463
cov: 0.050243 0.001643 -0.003683
cov: 0.001643 0.004558 0.005049
cov: -0.003683 0.005049 0.059139
mean: 6.765707 -1.484072 0.013223
cov: 0.072466 -0.007030 0.000608
cov: -0.007030 0.049616 -0.000042
cov: 0.000608 -0.000042 0.000161
mean: 7.233004 -1.340295 0.021640
cov: 0.162311 0.109921 0.003645
cov: 0.109921 0.227608 0.003411
cov: 0.003645 0.003411 0.000313
mean: 6.277774 2.957749 0.680781
cov: 0.051295 0.000850 0.022162
cov: 0.000850 0.000110 0.000760
cov: 0.022162 0.000760 0.071190
mean: 5.561503 1.333882 0.648795
cov: 0.050926 0.036107 0.008225
cov: 0.036107 0.075086 0.020735
cov: 0.008225 0.020735 0.062783
mean: 4.136823 2.949232 1.970351
cov: 0.004622 -0.000397 -0.000142
cov: -0.000397 0.000135 -0.000087
cov: -0.000142 -0.000087 0.000244
mean: 5.314969 1.343242 0.716513
cov: 0.017741 -0.018367 -0.006875
cov: -0.018367 0.034164 0.017611
cov: -0.006875 0.017611 0.072865
mean: 8.204374 -3.076914 1.787043
cov: 0.081787 -0.000320 -0.013781
cov: -0.000320 0.000239 0.000035
cov: -0.013781 0.000035 0.033083
mean: 7.949576 -3.078718 1.503083
cov: 0.019356 -0.000338 0.003989
cov: -0.000338 0.000158 0.000534
cov: 0.003989 0.000534 0.008637
mean: 3.976031 0.731354 1.181919
cov: 0.007263 0.005285 0.002686
cov: 0.005285 0.005476 0.002014
cov: 0.002686 0.002014 0.018275
mean: 6.067136 2.951992 1.123838
cov: 0.086606 0.000269 -0.006238
cov: 0.000269 0.000063 0.000224
cov: -0.006238 0.000224 0.032843
mean: 5.558396 2.954651 1.770914
cov: 0.059455 0.000588 0.000240
cov: 0.000588 0.000183 0.000243
cov: 0.000240 0.000243 0.034621
mean: 8.854759 -2.912810 1.549435
cov: 0.012835 0.010208 -0.012317
cov: 0.010208 0.027634 -0.001400
cov: -0.012317 -0.001400 0.149257
mean: 5.557645 0.987422 0.904358
cov: 0.031144 -0.010878 -0.000011
cov: -0.010878 0.021270 0.003743
cov: -0.000011 0.003743 0.049505
mean: 5.667000 2.957431 0.395156
cov: 0.074268 -0.000159 -0.027730
cov: -0.000159 0.000306 -0.000844
cov: -0.027730 -0.000844 0.034120
mean: 6.280244 -1.071882 0.800254
cov: 0.092834 0.052790 0.004703
cov: 0.052790 0.036125 0.009170
cov: 0.004703 0.009170 0.013768
mean: 5.378525 0.295872 0.001141
cov: 0.147092 -0.019729 0.002670
cov: -0.019729 0.086382 -0.000819
cov: 0.002670 -0.000819 0.000204
mean: 6.497982 0.275389 0.183070
cov: 0.094425 -0.021606 -0.022308
cov: -0.021606 0.038779 0.014809
cov: -0.022308 0.014809 0.024727
mean: 4.882133 -0.059489 -0.011054
cov: 0.014143 0.003819 -0.000188
cov: 0.003819 0.046523 -0.000264
cov: -0.000188 -0.000264 0.000205
mean: 8.574631 -3.075130 1.950682
cov: 0.007065 0.000175 -0.001131
cov: 0.000175 0.000048 -0.000539
cov: -0.001131 -0.000539 0.006122
mean: 6.809030 -0.783503 0.815703
cov: 0.048517 0.027148 0.006017
cov: 0.027148 0.021292 0.010022
cov: 0.006017 0.010022 0.014509
mean: 7.357632 -0.478412 1.608953
cov: 0.012458 0.012462 0.006273
cov: 0.012462 0.019751 0.007965
cov: 0.006273 0.007965 0.057876
mean: 5.697761 2.934886 0.261106
cov: 0.113394 0.000443 0.002943
cov: 0.000443 0.000113 -0.000073
cov: 0.002943 -0.000073 0.013328
mean: 8.855375 -1.573950 0.180801
cov: 0.017380 0.003717 0.011347
cov: 0.003717 0.104926 0.004606
cov: 0.011347 0.004606 0.033324
mean: 3.664511 2.570949 -0.000299
cov: 0.047462 0.000916 -0.000106
cov: 0.000916 0.034319 0.001277
cov: -0.000106 0.001277 0.000418
mean: 8.923192 0.184374 1.711442
cov: 0.001547 -0.002950 -0.005109
cov: -0.002950 0.180811 -0.019343
cov: -0.005109 -0.019343 0.059445
mean: 8.898907 -0.326651 1.491368
cov: 0.000294 -0.000078 -0.001283
cov: -0.000078 0.172431 0.022553
cov: -0.001283 0.022553 0.096166
mean: 8.908611 0.324252 0.693661
cov: 0.002289 -0.000448 0.003756
cov: -0.000448 0.136290 0.007442
cov: 0.003756 0.007442 0.124295
mean: 5.616643 2.915928 0.769454
cov: 0.019699 0.000416 -0.008061
cov: 0.000416 0.000105 -0.000013
cov: -0.008061 -0.000013 0.047034
mean: 6.295729 2.927935 1.688616
cov: 0.024633 0.000614 0.000344
cov: 0.000614 0.000186 -0.000856
cov: 0.000344 -0.000856 0.034329
mean: 7.286339 2.939368 1.696688
cov: 0.230451 0.000086 -0.002693
cov: 0.000086 0.000205 0.000817
cov: -0.002693 0.000817 0.062540
mean: 4.718822 2.807275 0.047286
cov: 0.044751 0.001767 0.000806
cov: 0.001767 0.015485 0.004929
cov: 0.000806 0.004929 0.005862
mean: 6.155252 2.918896 1.078956
cov: 0.020099 0.000315 0.003506
cov: 0.000315 0.000095 -0.000388
cov: 0.003506 -0.000388 0.059650
mean: 4.572815 2.919240 0.506139
cov: 0.091607 -0.001147 -0.000443
cov: -0.001147 0.000210 -0.000003
cov: -0.000443 -0.000003 0.021103
mean: 5.015840 2.916227 1.084146
cov: 0.030990 -0.000280 -0.002694
cov: -0.000280 0.000251 0.000451
cov: -0.002694 0.000451 0.021379
mean: 6.067115 2.843561 0.142236
cov: 0.061364 0.004919 0.009833
cov: 0.004919 0.007903 0.007124
cov: 0.009833 0.007124 0.022341
mean: 8.876110 -0.313798 0.199305
cov: 0.011665 -0.001659 0.006369
cov: -0.001659 0.280676 -0.024803
cov: 0.006369 -0.024803 0.032274
mean: 5.462732 2.305129 0.005480
cov: 0.075143 0.017495 0.000320
cov: 0.017495 0.062419 0.000458
cov: 0.000320 0.000458 0.000127
mean: 7.194501 2.926003 1.100457
cov: 0.311288 0.002206 0.028368
cov: 0.002206 0.000059 -0.001240
cov: 0.028368 -0.001240 0.142635
mean: 5.321680 2.889222 0.232337
cov: 0.071698 -0.005725 -0.010573
cov: -0.005725 0.004455 0.002851
cov: -0.010573 0.002851 0.032034
mean: 4.399713 2.579416 -0.034934
cov: 0.001416 -0.001160 -0.000144
cov: -0.001160 0.009748 -0.000018
cov: -0.000144 -0.000018 0.000103
mean: 5.073750 1.779391 -0.011829
cov: 0.041775 0.006907 0.000985
cov: 0.006907 0.032906 -0.000479
cov: 0.000985 -0.000479 0.000339
mean: 4.187943 2.925312 1.457199
cov: 0.071394 -0.001792 0.019231
cov: -0.001792 0.000360 -0.000301
cov: 0.019231 -0.000301 0.040308
mean: 5.068530 2.869016 1.487306
cov: 0.026265 0.000125 -0.004850
cov: 0.000125 0.000166 -0.000555
cov: -0.004850 -0.000555 0.039594
mean: 8.941860 1.003179 1.615292
cov: 0.000841 0.000465 0.001508
cov: 0.000465 0.112260 -0.014374
cov: 0.001508 -0.014374 0.067978
mean: 7.471742 2.850937 1.284002
cov: 0.107214 0.000098 -0.074161
cov: 0.000098 0.000372 -0.001600
cov: -0.074161 -0.001600 0.147693
mean: 4.693417 2.878079 0.453986
cov: 0.122296 0.000580 0.047064
cov: 0.000580 0.000195 0.000015
cov: 0.047064 0.000015 0.036833
mean: 5.535822 0.728648 0.015896
cov: 0.069060 -0.006551 0.000014
cov: -0.006551 0.031158 0.004327
cov: 0.000014 0.004327 0.003692
mean: 5.450602 2.866373 1.166387
cov: 0.036944 -0.001201 -0.001236
cov: -0.001201 0.000177 0.000687
cov: -0.001236 0.000687 0.050651
mean: 6.255290 2.859858 1.681075
cov: 0.057734 0.000014 0.004446
cov: 0.000014 0.000255 -0.000454
cov: 0.004446 -0.000454 0.048506
mean: 4.721004 2.864623 1.794966
cov: 0.025093 -0.000669 0.010671
cov: -0.000669 0.000209 0.000404
cov: 0.010671 0.000404 0.025710
mean: 8.962119 2.208525 1.729458
cov: 0.000420 0.002914 0.000261
cov: 0.002914 0.096957 -0.001541
cov: 0.000261 -0.001541 0.045894
mean: 5.708139 2.863009 1.732650
cov: 0.048159 -0.000772 -0.000151
cov: -0.000772 0.000184 0.000312
cov: -0.000151 0.000312 0.036617
mean: 8.957152 1.035418 0.641308
cov: 0.004732 0.003407 0.005092
cov: 0.003407 0.025712 0.006490
cov: 0.005092 0.006490 0.063343
mean: 4.842949 2.870053 1.230014
cov: 0.024920 -0.000232 -0.004101
cov: -0.000232 0.000168 0.000118
cov: -0.004101 0.000118 0.022649
mean: 6.709165 2.857664 0.883471
cov: 0.053963 -0.002389 -0.017909
cov: -0.002389 0.000342 0.000938
cov: -0.017909 0.000938 0.082495
mean: 6.971627 2.855282 1.722772
cov: 0.138526 -0.003447 0.019735
cov: -0.003447 0.000509 -0.000566
cov: 0.019735 -0.000566 0.040543
mean: 6.088873 2.862914 0.902679
cov: 0.060916 -0.001267 -0.015875
cov: -0.001267 0.000225 0.000546
cov: -0.015875 0.000546 0.061536
mean: 4.407507 1.920880 -0.009565
cov: 0.052844 -0.031669 0.001335
cov: -0.031669 0.045508 -0.000812
cov: 0.001335 -0.000812 0.000235
mean: 3.334448 2.929278 1.503500
cov: 0.063781 0.005078 0.003226
cov: 0.005078 0.000630 0.001029
cov: 0.003226 0.001029 0.063267
mean: 2.805151 2.882396 0.296344
cov: 0.059305 -0.000114 -0.007379
cov: -0.000114 0.003662 0.005880
cov: -0.007379 0.005880 0.077057
mean: 3.133139 2.896487 1.859011
cov: 0.058044 0.000149 0.000698
cov: 0.000149 0.000353 0.000037
cov: 0.000698 0.000037 0.011279
mean: 3.075607 2.939615 1.061879
cov: 0.042723 0.001137 -0.023299
cov: 0.001137 0.000106 -0.002320
cov: -0.023299 -0.002320 0.124047
mean: 3.419626 2.907483 0.778615
cov: 0.057636 0.002497 -0.032327
cov: 0.002497 0.000741 -0.001097
cov: -0.032327 -0.001097 0.049788
mean: 2.691217 2.904002 1.298642
cov: 0.030716 -0.000498 0.000488
cov: -0.000498 0.000304 -0.000389
cov: 0.000488 -0.000389 0.052430
mean: 2.547533 2.906906 1.760429
cov: 0.053382 0.001882 0.013563
cov: 0.001882 0.000360 0.000648
cov: 0.013563 0.000648 0.023392
mean: 6.917430 2.767031 0.061076
cov: 0.066326 0.001673 0.002440
cov: 0.001673 0.013075 0.005102
cov: 0.002440 0.005102 0.009396
mean: 3.926235 1.373896 1.236482
cov: 0.015225 -0.012437 0.001364
cov: -0.012437 0.015863 -0.006739
cov: 0.001364 -0.006739 0.016947
mean: 6.752234 2.360204 0.005137
cov: 0.093309 0.005810 0.001821
cov: 0.005810 0.037224 0.001023
cov: 0.001821 0.001023 0.000302
mean: 3.592481 2.880131 1.243890
cov: 0.029393 -0.000076 -0.008831
cov: -0.000076 0.000312 0.000466
cov: -0.008831 0.000466 0.036759
mean: 2.368477 2.884853 1.133324
cov: 0.054597 -0.001234 -0.023443
cov: -0.001234 0.000304 0.001010
cov: -0.023443 0.001010 0.074235
mean: 3.182721 2.881916 0.929193
cov: 0.032543 -0.000109 0.020087
cov: -0.000109 0.000238 0.000389
cov: 0.020087 0.000389 0.072114
mean: 3.463411 2.876236 0.212843
cov: 0.070372 0.001140 -0.002612
cov: 0.001140 0.001905 0.001962
cov: -0.002612 0.001962 0.024592
mean: -1.035186 1.118843 1.562643
cov: 0.000260 -0.000216 0.002166
cov: -0.000216 0.101374 0.005546
cov: 0.002166 0.005546 0.151394
mean: 3.456676 2.883418 1.790828
cov: 0.060344 0.001013 0.003540
cov: 0.001013 0.000352 -0.000372
cov: 0.003540 -0.000372 0.021647
mean: 3.335713 1.218886 -0.016516
cov: 0.018029 0.001165 -0.000064
cov: 0.001165 0.016438 0.000309
cov: -0.000064 0.000309 0.000420
mean: 4.013380 2.885233 1.523319
cov: 0.018013 -0.000382 -0.001604
cov: -0.000382 0.000614 0.000153
cov: -0.001604 0.000153 0.019214
mean: 4.364417 2.875631 0.596090
cov: 0.017895 -0.000229 0.000745
cov: -0.000229 0.000299 0.000766
cov: 0.000745 0.000766 0.025092
mean: 4.788454 2.870367 1.650320
cov: 0.014074 -0.000188 0.000851
cov: -0.000188 0.000173 -0.000176
cov: 0.000851 -0.000176 0.017759
mean: 4.481174 2.876268 0.960727
cov: 0.024362 -0.000558 -0.001383
cov: -0.000558 0.000387 -0.000060
cov: -0.001383 -0.000060 0.024714
mean: 5.058725 2.870115 1.867913
cov: 0.051287 -0.000511 -0.000176
cov: -0.000511 0.000193 0.000149
cov: -0.000176 0.000149 0.009042
mean: 4.865829 2.871660 0.706131
cov: 0.036020 -0.000581 -0.005718
cov: -0.000581 0.000235 -0.000215
cov: -0.005718 -0.000215 0.018700
mean: 4.099564 2.882045 0.981525
cov: 0.037523 -0.000674 0.015164
cov: -0.000674 0.000383 -0.000455
cov: 0.015164 -0.000455 0.026592
mean: 4.347904 2.876827 1.834046
cov: 0.025036 -0.000334 0.001797
cov: -0.000334 0.000291 0.000122
cov: 0.001797 0.000122 0.016369
mean: 3.950429 2.896752 1.832562
cov: 0.024681 -0.001410 0.001058
cov: -0.001410 0.000994 0.000426
cov: 0.001058 0.000426 0.012888
mean: 4.004766 2.879203 0.512165
cov: 0.026221 -0.000534 -0.007814
cov: -0.000534 0.000368 0.000258
cov: -0.007814 0.000258 0.029773
mean: 4.014898 2.906912 1.193474
cov: 0.031608 -0.003038 0.008003
cov: -0.003038 0.001096 -0.001349
cov: 0.008003 -0.001349 0.011860
mean: 5.342081 2.859121 0.225787
cov: 0.062722 -0.000418 0.008232
cov: -0.000418 0.000648 0.001250
cov: 0.008232 0.001250 0.024138
mean: 4.637361 2.873536 0.417459
cov: 0.022543 -0.000871 -0.002150
cov: -0.000871 0.000217 -0.000126
cov: -0.002150 -0.000126 0.018313
mean: 4.226490 2.852434 0.110456
cov: 0.024549 -0.001330 0.002591
cov: -0.001330 0.006454 0.003922
cov: 0.002591 0.003922 0.013976
mean: 4.913824 2.084401 -0.013175
cov: 0.009920 -0.005227 -0.000173
cov: -0.005227 0.026474 0.000514
cov: -0.000173 0.000514 0.000210
mean: 1.629452 1.119745 0.471772
cov: 0.012962 -0.002952 -0.015500
cov: -0.002952 0.033997 0.014341
cov: -0.015500 0.014341 0.054327
mean: 5.707882 1.901127 -0.001614
cov: 0.044754 0.022646 -0.000662
cov: 0.022646 0.043767 -0.001431
cov: -0.000662 -0.001431 0.001109
mean: 6.029963 1.898037 0.771994
cov: 0.017646 0.007634 -0.003359
cov: 0.007634 0.006738 -0.000449
cov: -0.003359 -0.000449 0.030856
mean: 5.833846 1.804090 0.390901
cov: 0.054772 0.028719 -0.015199
cov: 0.028719 0.020974 -0.007805
cov: -0.015199 -0.007805 0.024401
mean: 8.964621 2.207602 0.685805
cov: 0.000485 0.000292 0.001534
cov: 0.000292 0.080929 -0.018647
cov: 0.001534 -0.018647 0.071735
mean: 8.085333 2.843105 1.788421
cov: 0.141747 -0.000501 -0.011955
cov: -0.000501 0.000177 0.000073
cov: -0.011955 0.000073 0.023805
mean: 8.946926 2.629498 0.405320
cov: 0.004401 -0.001791 0.002709
cov: -0.001791 0.035446 0.002363
cov: 0.002709 0.002363 0.043829
mean: 8.943563 2.692563 1.410001
cov: 0.004435 -0.003136 0.001415
cov: -0.003136 0.024435 -0.001210
cov: 0.001415 -0.001210 0.105894
mean: 7.936589 2.766034 0.103216
cov: 0.139032 -0.019064 0.000128
cov: -0.019064 0.022556 0.009757
cov: 0.000128 0.009757 0.021463
mean: 7.961819 2.505506 0.000340
cov: 0.198875 -0.014811 0.002206
cov: -0.014811 0.046799 -0.000273
cov: 0.002206 -0.000273 0.000145
mean: 5.918689 2.677765 -0.025591
cov: 0.005129 -0.000211 0.000252
cov: -0.000211 0.003657 -0.000049
cov: 0.000252 -0.000049 0.000245
mean: 5.874204 2.818922 0.034676
cov: 0.046209 -0.001785 0.000249
cov: -0.001785 0.008098 0.002873
cov: 0.000249 0.002873 0.006781
mean: 5.622039 2.721830 -0.018029
cov: 0.005891 0.000169 0.000158
cov: 0.000169 0.005877 0.000299
cov: 0.000158 0.000299 0.000361
mean: 6.364688 2.374182 -0.017620
cov: 0.014840 -0.004726 0.000139
cov: -0.004726 0.019849 0.000076
cov: 0.000139 0.000076 0.000211
mean: 5.815608 2.537484 -0.017432
cov: 0.006224 0.004095 0.000203
cov: 0.004095 0.016689 -0.000005
cov: 0.000203 -0.000005 0.000200
mean: 7.299891 2.030958 0.004215
cov: 0.078410 0.052937 0.003434
cov: 0.052937 0.125981 0.002938
cov: 0.003434 0.002938 0.000512
mean: 8.944625 0.520899 0.500600
cov: 0.001151 0.001355 0.005052
cov: 0.001355 0.308171 0.017746
cov: 0.005052 0.017746 0.085522
mean: 6.830796 2.904641 0.392459
cov: 0.062563 0.001607 -0.002658
cov: 0.001607 0.000299 -0.000213
cov: -0.002658 -0.000213 0.032706
mean: 8.888794 1.749184 0.202121
cov: 0.015317 0.002742 0.010343
cov: 0.002742 0.151219 0.001063
cov: 0.010343 0.001063 0.028124
mean: 7.626173 1.534927 -0.000100
cov: 0.154391 0.015990 0.004556
cov: 0.015990 0.045245 0.001231
cov: 0.004556 0.001231 0.000328
mean: 7.147866 2.912288 1.033899
cov: 0.111323 0.002165 -0.040430
cov: 0.002165 0.001004 -0.000627
cov: -0.040430 -0.000627 0.064651
mean: 8.422674 -0.311004 0.025326
cov: 0.091137 0.000174 0.002006
cov: 0.000174 0.102606 -0.001083
cov: 0.002006 -0.001083 0.002569
mean: 7.809126 2.915831 1.489190
cov: 0.060678 0.000925 -0.003296
cov: 0.000925 0.000056 0.000152
cov: -0.003296 0.000152 0.156006
mean: 7.637567 0.573180 -0.007046
cov: 0.066260 -0.020802 0.001527
cov: -0.020802 0.074100 -0.000861
cov: 0.001527 -0.000861 0.000283
mean: 7.330039 2.910265 1.807843
cov: 0.121856 0.000473 -0.012511
cov: 0.000473 0.000085 -0.000212
cov: -0.012511 -0.000212 0.016722
mean: 8.985872 -0.779846 1.424823
cov: 0.000602 -0.005198 0.002151
cov: -0.005198 0.192194 0.020591
cov: 0.002151 0.020591 0.114580
mean: 6.601233 0.939961 0.684892
cov: 0.022703 0.004945 -0.009507
cov: 0.004945 0.028003 0.016579
cov: -0.009507 0.016579 0.026731
mean: 6.335621 -3.097542 1.898060
cov: 0.076276 0.001122 0.002362
cov: 0.001122 0.000283 0.000282
cov: 0.002362 0.000282 0.008563
mean: 7.804474 -3.088897 1.936424
cov: 0.009116 0.001222 0.000171
cov: 0.001222 0.000458 -0.000130
cov: 0.000171 -0.000130 0.002398
mean: 6.701861 -3.099845 1.632178
cov: 0.082588 0.002072 0.021682
cov: 0.002072 0.000361 0.001729
cov: 0.021682 0.001729 0.088614
mean: 7.511660 -2.946541 0.075839
cov: 0.225508 -0.003388 0.001702
cov: -0.003388 0.017999 -0.005168
cov: 0.001702 -0.005168 0.005914
mean: 6.700336 -3.041680 0.124229
cov: 0.043735 0.001234 -0.004728
cov: 0.001234 0.008336 -0.003961
cov: -0.004728 -0.003961 0.008824
mean: 8.818057 1.493679 -0.014228
cov: 0.007305 -0.002217 -0.000098
cov: -0.002217 0.012775 -0.000479
cov: -0.000098 -0.000479 0.000115
mean: 9.048948 -2.247118 1.393971
cov: 0.000036 -0.000893 -0.000171
cov: -0.000893 0.024815 -0.001534
cov: -0.000171 -0.001534 0.020080
mean: 6.305263 0.666396 0.080717
cov: 0.038405 0.011783 0.001305
cov: 0.011783 0.042039 0.000047
cov: 0.001305 0.000047 0.004975
mean: 9.037499 -1.841717 1.429948
cov: 0.000133 0.000255 0.000111
cov: 0.000255 0.063811 0.026683
cov: 0.000111 0.026683 0.020446
mean: 9.044251 -2.150805 0.352485
cov: 0.000156 0.000013 0.001785
cov: 0.000013 0.023457 0.000606
cov: 0.001785 0.000606 0.032416
mean: 7.138093 0.028175 0.029952
cov: 0.061189 -0.012627 -0.001908
cov: -0.012627 0.064874 0.011042
cov: -0.001908 0.011042 0.003823
mean: 9.042747 -1.980159 0.600216
cov: 0.000056 -0.000062 0.000192
cov: -0.000062 0.015475 -0.002491
cov: 0.000192 -0.002491 0.015663
mean: 6.584481 0.855318 0.686792
cov: 0.023626 -0.007632 -0.016916
cov: -0.007632 0.019634 0.018220
cov: -0.016916 0.018220 0.022284
mean: 9.045599 -2.023348 1.810093
cov: 0.000028 -0.000496 -0.000179
cov: -0.000496 0.059847 -0.010384
cov: -0.000179 -0.010384 0.018512
mean: 9.050179 -1.949260 0.909863
cov: 0.000014 -0.000254 0.000014
cov: -0.000254 0.052654 -0.003379
cov: 0.000014 -0.003379 0.026552
mean: 6.625790 1.266355 0.931696
cov: 0.001027 -0.000953 -0.000365
cov: -0.000953 0.002551 0.000903
cov: -0.000365 0.000903 0.004401
mean: 6.355243 1.362403 1.471777
cov: 0.004529 0.005380 -0.002480
cov: 0.005380 0.010617 -0.001866
cov: -0.002480 -0.001866 0.013696
mean: 7.570720 -1.762641 0.020231
cov: 0.121769 -0.054132 0.001123
cov: -0.054132 0.151783 -0.001514
cov: 0.001123 -0.001514 0.000174
mean: 3.269298 -1.026165 0.611921
cov: 0.014596 0.006294 0.024444
cov: 0.006294 0.113396 0.008029
cov: 0.024444 0.008029 0.043078
mean: 6.394431 1.386441 1.125301
cov: 0.008349 -0.002604 -0.002081
cov: -0.002604 0.006664 -0.000585
cov: -0.002081 -0.000585 0.012137
mean: 5.940098 0.993642 0.453027
cov: 0.042719 0.021648 0.018415
cov: 0.021648 0.014641 0.012257
cov: 0.018415 0.012257 0.027595
mean: 6.399596 1.315489 0.575155
cov: 0.010459 0.000443 0.000041
cov: 0.000443 0.010289 0.010747
cov: 0.000041 0.010747 0.041537
mean: 5.667059 -3.100036 1.665442
cov: 0.101045 -0.000799 0.001141
cov: -0.000799 0.000192 0.000357
cov: 0.001141 0.000357 0.048499
mean: 7.799729 -3.085304 1.663390
cov: 0.005168 0.000740 0.002577
cov: 0.000740 0.000275 0.000141
cov: 0.002577 0.000141 0.007488
mean: 6.623595 -0.981075 1.148826
cov: 0.060225 0.014746 0.011007
cov: 0.014746 0.022807 -0.006007
cov: 0.011007 -0.006007 0.012004
mean: 7.924640 -3.074199 1.872895
cov: 0.013012 -0.000808 -0.004050
cov: -0.000808 0.000122 0.000729
cov: -0.004050 0.000729 0.008016
mean: 7.725890 -0.149104 -0.025289
cov: 0.001638 -0.000295 0.000180
cov: -0.000295 0.004374 -0.000292
cov: 0.000180 -0.000292 0.000108
mean: 7.526082 -3.123601 1.777358
cov: 0.100417 -0.001262 0.021763
cov: -0.001262 0.000045 -0.000195
cov: 0.021763 -0.000195 0.020593
mean: 8.035322 -3.122900 0.900102
cov: 0.130380 -0.001767 -0.159399
cov: -0.001767 0.000054 0.002548
cov: -0.159399 0.002548 0.223075
mean: 1.363022 2.779648 0.082846
cov: 0.138710 0.005104 0.001521
cov: 0.005104 0.027610 0.007289
cov: 0.001521 0.007289 0.011560
mean: 5.187070 2.855443 1.294069
cov: 0.022720 -0.000076 0.014466
cov: -0.000076 0.000048 -0.000079
cov: 0.014466 -0.000079 0.023769
mean: 6.499156 2.843147 1.330734
cov: 0.017900 -0.000737 -0.000586
cov: -0.000737 0.000296 0.000131
cov: -0.000586 0.000131 0.007072
mean: 5.134289 2.856022 1.842619
cov: 0.022118 -0.000409 -0.001258
cov: -0.000409 0.000063 0.000164
cov: -0.001258 0.000164 0.008038
mean: 6.667151 2.836869 1.668442
cov: 0.005871 0.000102 -0.000352
cov: 0.000102 0.000122 0.000044
cov: -0.000352 0.000044 0.003915
mean: 6.472636 2.839173 1.789706
cov: 0.005572 -0.000108 0.001260
cov: -0.000108 0.000129 0.000154
cov: 0.001260 0.000154 0.006967
mean: 3.384777 -3.101810 1.758870
cov: 0.022203 -0.000001 -0.014507
cov: -0.000001 0.000292 0.001442
cov: -0.014507 0.001442 0.036498
mean: 2.672508 -3.105998 1.814407
cov: 0.026687 0.002028 0.014494
cov: 0.002028 0.000188 0.000726
cov: 0.014494 0.000726 0.022272
mean: 2.281459 -3.103226 1.828100
cov: 0.055297 -0.000173 0.001415
cov: -0.000173 0.000183 -0.000414
cov: 0.001415 -0.000414 0.026294
mean: 2.525290 2.939214 1.016693
cov: 0.042562 0.000307 0.018239
cov: 0.000307 0.000030 0.000349
cov: 0.018239 0.000349 0.170263
mean: 1.695560 0.886955 0.972799
cov: 0.007551 -0.007629 -0.000547
cov: -0.007629 0.020234 -0.005494
cov: -0.000547 -0.005494 0.031244
mean: 2.567304 -3.091516 1.594104
cov: 0.100920 -0.000526 -0.017679
cov: -0.000526 0.000198 0.000490
cov: -0.017679 0.000490 0.065736
mean: 0.897114 2.163755 0.040012
cov: 0.138852 -0.008341 0.000105
cov: -0.008341 0.152885 0.000096
cov: 0.000105 0.000096 0.000952
mean: 1.649980 1.889913 0.014100
cov: 0.083544 0.017564 -0.000766
cov: 0.017564 0.070976 -0.001981
cov: -0.000766 -0.001981 0.000730
mean: 5.022580 -3.087666 1.841737
cov: 0.011025 0.000229 -0.004107
cov: 0.000229 0.000195 -0.000626
cov: -0.004107 -0.000626 0.010024
mean: 0.057261 -3.090064 0.866537
cov: 0.038711 0.001353 0.000459
cov: 0.001353 0.000201 -0.001300
cov: 0.000459 -0.001300 0.017052
mean: -0.184470 -3.087132 1.644196
cov: 0.099608 -0.000160 -0.063529
cov: -0.000160 0.000060 0.000106
cov: -0.063529 0.000106 0.068359
mean: 0.313536 -3.103654 0.751323
cov: 0.005041 -0.000106 -0.005837
cov: -0.000106 0.000029 0.000151
cov: -0.005837 0.000151 0.033769
mean: 0.110420 -3.094068 0.301518
cov: 0.011779 0.000145 0.000546
cov: 0.000145 0.000232 -0.000049
cov: 0.000546 -0.000049 0.018996
mean: -0.994860 -2.323578 0.948698
cov: 0.000271 0.000616 -0.001056
cov: 0.000616 0.029274 -0.023362
cov: -0.001056 -0.023362 0.054747
mean: -0.999235 -1.041272 1.117851
cov: 0.000510 0.000932 -0.000162
cov: 0.000932 0.041304 -0.014130
cov: -0.000162 -0.014130 0.036263
mean: -0.995962 -1.528101 1.757460
cov: 0.000309 0.000850 -0.000022
cov: 0.000850 0.053934 0.004764
cov: -0.000022 0.004764 0.021594
mean: -0.538964 -2.942079 0.227183
cov: 0.087346 -0.001898 -0.013088
cov: -0.001898 0.016519 -0.009455
cov: -0.013088 -0.009455 0.028513
mean: -1.000164 -2.357373 1.768529
cov: 0.000343 0.002227 0.000822
cov: 0.002227 0.067385 0.007530
cov: 0.000822 0.007530 0.021371
mean: -0.943555 -2.083984 0.150163
cov: 0.009284 0.006469 -0.007315
cov: 0.006469 0.122311 -0.001016
cov: -0.007315 -0.001016 0.021947
mean: -1.009945 -2.555639 0.791437
cov: 0.000317 0.001108 -0.000182
cov: 0.001108 0.027799 -0.005496
cov: -0.000182 -0.005496 0.019254
mean: -0.975191 -0.993815 1.963856
cov: 0.000116 0.000815 -0.000556
cov: 0.000815 0.015467 -0.003580
cov: -0.000556 -0.003580 0.009611
mean: -0.993186 -2.237443 1.983884
cov: 0.000071 -0.000415 0.000452
cov: -0.000415 0.031471 0.001592
cov: 0.000452 0.001592 0.004798
mean: 1.999223 2.911044 1.462101
cov: 0.021648 0.000663 -0.005392
cov: 0.000663 0.000270 -0.000124
cov: -0.005392 -0.000124 0.041581
mean: -0.992082 -1.263242 0.565169
cov: 0.000257 -0.000543 0.002831
cov: -0.000543 0.058807 -0.032684
cov: 0.002831 -0.032684 0.107588
mean: -0.997884 -1.900377 1.227927
cov: 0.000398 0.001205 0.000132
cov: 0.001205 0.034913 0.001673
cov: 0.000132 0.001673 0.044371
mean: -1.010377 -2.309597 1.333549
cov: 0.000505 -0.002287 -0.000453
cov: -0.002287 0.017982 0.010263
cov: -0.000453 0.010263 0.026182
mean: -0.264485 0.745961 0.005849
cov: 0.087097 0.035632 -0.000800
cov: 0.035632 0.099899 -0.001557
cov: -0.000800 -0.001557 0.000185
mean: -0.936928 0.322720 1.738617
cov: 0.000288 0.000487 -0.000053
cov: 0.000487 0.050917 -0.001073
cov: -0.000053 -0.001073 0.035765
mean: -0.937667 0.765619 0.356433
cov: 0.001245 0.000933 0.001397
cov: 0.000933 0.053075 -0.004313
cov: 0.001397 -0.004313 0.031588
mean: -0.924383 2.132692 1.759680
cov: 0.000912 -0.000264 -0.000310
cov: -0.000264 0.044926 0.006641
cov: -0.000310 0.006641 0.029426
mean: -0.883856 2.361259 0.157666
cov: 0.013431 -0.002919 -0.005262
cov: -0.002919 0.118178 0.014310
cov: -0.005262 0.014310 0.031561
mean: -0.891995 0.312370 0.126397
cov: 0.012408 -0.000442 -0.005454
cov: -0.000442 0.089904 -0.010113
cov: -0.005454 -0.010113 0.019984
mean: -0.992486 -0.457994 1.432544
cov: 0.000524 0.000177 -0.002185
cov: 0.000177 0.054095 0.021444
cov: -0.002185 0.021444 0.039312
mean: -0.043255 1.926957 0.008789
cov: 0.080787 -0.020642 -0.002291
cov: -0.020642 0.061144 0.000319
cov: -0.002291 0.000319 0.000165
mean: -0.971668 -2.280316 1.783799
cov: 0.000827 0.000794 -0.000468
cov: 0.000794 0.096223 0.007198
cov: -0.000468 0.007198 0.026792
mean: -0.914952 2.775536 1.693616
cov: 0.007737 0.002911 0.002329
cov: 0.002911 0.032030 -0.014571
cov: 0.002329 -0.014571 0.086640
mean: -1.005938 -1.025768 1.738973
cov: 0.000508 0.001113 -0.000448
cov: 0.001113 0.028678 0.000153
cov: -0.000448 0.000153 0.027450
mean: -1.002658 -0.635043 1.805526
cov: 0.000640 0.001306 0.001377
cov: 0.001306 0.046217 -0.000141
cov: 0.001377 -0.000141 0.017876
mean: -0.938315 0.113014 0.922854
cov: 0.000204 0.000519 -0.000196
cov: 0.000519 0.040387 0.013769
cov: -0.000196 0.013769 0.065453
mean: -0.960229 -0.524028 0.432666
cov: 0.001947 0.001687 -0.003386
cov: 0.001687 0.064757 -0.002353
cov: -0.003386 -0.002353 0.038839
mean: -0.949984 -1.666817 0.917305
cov: 0.000176 0.000476 -0.000133
cov: 0.000476 0.157278 0.033779
cov: -0.000133 0.033779 0.085712
mean: -0.930165 0.821118 1.082332
cov: 0.000228 0.000448 0.000313
cov: 0.000448 0.032229 -0.002566
cov: 0.000313 -0.002566 0.032568
mean: -0.918241 2.556911 0.941395
cov: 0.001846 0.004926 -0.000728
cov: 0.004926 0.078981 -0.004067
cov: -0.000728 -0.004067 0.075735
mean: -0.915090 1.314052 0.128083
cov: 0.010219 -0.000129 -0.003467
cov: -0.000129 0.094969 0.007560
cov: -0.003467 0.007560 0.026829
mean: 1.013442 2.975516 1.820760
cov: 0.138571 -0.003519 -0.001086
cov: -0.003519 0.000445 -0.000209
cov: -0.001086 -0.000209 0.016807
mean: 1.339797 2.971429 0.465332
cov: 0.052515 -0.002007 0.001001
cov: -0.002007 0.000521 0.001839
cov: 0.001001 0.001839 0.050096
mean: 0.401971 2.853096 0.094596
cov: 0.183496 -0.008044 -0.002985
cov: -0.008044 0.018548 0.008144
cov: -0.002985 0.008144 0.019451
mean: -0.354940 1.274686 0.006747
cov: 0.058971 -0.000836 0.000708
cov: -0.000836 0.048209 0.000702
cov: 0.000708 0.000702 0.000250
mean: 1.262307 2.974505 1.372707
cov: 0.114256 -0.003381 0.051748
cov: -0.003381 0.000398 -0.001566
cov: 0.051748 -0.001566 0.071870
mean: 1.713800 2.963415 1.103903
cov: 0.014511 0.000330 0.008863
cov: 0.000330 0.000063 0.000261
cov: 0.008863 0.000261 0.022798
mean: 1.349283 2.134791 -0.020562
cov: 0.011843 0.005644 0.000304
cov: 0.005644 0.036805 0.000631
cov: 0.000304 0.000631 0.000251
mean: 1.589979 2.906305 0.945146
cov: 0.032041 -0.000267 -0.001257
cov: -0.000267 0.000116 0.000374
cov: -0.001257 0.000374 0.065760
mean: 0.514911 0.590635 0.576311
cov: 0.036054 -0.001996 0.001656
cov: -0.001996 0.034789 0.003126
cov: 0.001656 0.003126 0.003571
mean: -0.895591 0.987985 1.597938
cov: 0.000199 0.000890 0.000528
cov: 0.000890 0.050548 0.027892
cov: 0.000528 0.027892 0.077341
mean: -0.914623 -0.611829 0.952315
cov: 0.000193 0.000182 0.000085
cov: 0.000182 0.071147 0.039980
cov: 0.000085 0.039980 0.114887
mean: -0.945745 1.060660 0.621816
cov: 0.001549 -0.002659 0.001696
cov: -0.002659 0.028492 -0.001777
cov: 0.001696 -0.001777 0.028347
mean: -0.941158 1.044396 1.384277
cov: 0.000914 0.000496 0.002368
cov: 0.000496 0.014978 -0.003059
cov: 0.002368 -0.003059 0.036382
mean: -0.924771 0.252928 0.647473
cov: 0.000172 -0.000480 0.000257
cov: -0.000480 0.048481 0.002648
cov: 0.000257 0.002648 0.056990
mean: -0.887584 1.884637 1.090405
cov: 0.000315 0.000101 0.000252
cov: 0.000101 0.055846 0.033870
cov: 0.000252 0.033870 0.062121
mean: 5.067517 -3.027626 1.772227
cov: 0.022022 0.000604 0.004984
cov: 0.000604 0.000490 0.000710
cov: 0.004984 0.000710 0.017853
mean: 1.605402 0.825424 0.169377
cov: 0.079061 -0.008269 -0.016819
cov: -0.008269 0.005080 0.000182
cov: -0.016819 0.000182 0.027957
mean: 3.662151 -1.358906 0.979025
cov: 0.023420 -0.002729 0.001855
cov: -0.002729 0.006862 -0.002904
cov: 0.001855 -0.002904 0.018712
mean: 2.218625 0.559174 -0.023262
cov: 0.026872 -0.018116 0.000542
cov: -0.018116 0.025744 -0.000270
cov: 0.000542 -0.000270 0.000233
mean: 5.516466 -3.017591 1.710880
cov: 0.028506 -0.000444 0.010300
cov: -0.000444 0.000231 0.000016
cov: 0.010300 0.000016 0.035469
mean: 5.163525 -3.034619 1.398267
cov: 0.008638 -0.000117 0.001062
cov: -0.000117 0.000251 0.001106
cov: 0.001062 0.001106 0.077159
mean: 5.378603 -3.024435 0.694135
cov: 0.036051 0.001953 -0.011807
cov: 0.001953 0.000414 -0.002572
cov: -0.011807 -0.002572 0.055155
mean: 1.978149 0.691984 0.010034
cov: 0.024400 -0.004647 -0.002545
cov: -0.004647 0.023447 -0.001853
cov: -0.002545 -0.001853 0.002812
mean: 1.281353 1.151067 0.859799
cov: 0.010443 0.006019 -0.000594
cov: 0.006019 0.003540 -0.000419
cov: -0.000594 -0.000419 0.007972
mean: 3.030179 -0.294511 0.220429
cov: 0.015450 -0.008308 0.024245
cov: -0.008308 0.022889 -0.014509
cov: 0.024245 -0.014509 0.042254
mean: 5.984217 -3.027691 0.923094
cov: 0.099280 -0.000895 -0.009831
cov: -0.000895 0.000151 -0.001628
cov: -0.009831 -0.001628 0.070137
mean: 1.121800 1.243765 0.566252
cov: 0.017619 0.004626 0.002578
cov: 0.004626 0.025568 -0.001275
cov: 0.002578 -0.001275 0.004482
mean: 2.020623 1.003734 -0.022020
cov: 0.010878 -0.001211 0.000408
cov: -0.001211 0.006989 -0.000191
cov: 0.000408 -0.000191 0.000158
mean: 1.558861 1.310243 0.567439
cov: 0.010159 -0.003351 -0.001064
cov: -0.003351 0.007302 -0.000263
cov: -0.001064 -0.000263 0.001508
mean: -0.921066 -1.233143 1.641407
cov: 0.000148 0.002641 -0.000783
cov: 0.002641 0.147630 -0.004434
cov: -0.000783 -0.004434 0.101413
mean: 3.566157 -3.009223 0.899143
cov: 0.119197 0.000918 0.017259
cov: 0.000918 0.000237 -0.000137
cov: 0.017259 -0.000137 0.048829
mean: -0.919459 -1.362058 0.741952
cov: 0.000162 -0.000147 0.000758
cov: -0.000147 0.118994 -0.053379
cov: 0.000758 -0.053379 0.145598
mean: 2.384658 0.626852 -0.022431
cov: 0.007480 -0.002900 0.000073
cov: -0.002900 0.024676 0.000106
cov: 0.000073 0.000106 0.000185
mean: 5.117523 -3.044387 1.647685
cov: 0.005940 0.000422 0.001823
cov: 0.000422 0.000198 0.000741
cov: 0.001823 0.000741 0.028711
mean: 3.249934 -1.133914 0.614562
cov: 0.008513 0.006201 0.013405
cov: 0.006201 0.042246 0.008558
cov: 0.013405 0.008558 0.022315
mean: 4.883495 -3.014896 1.107033
cov: 0.043280 0.000142 -0.008653
cov: 0.000142 0.000498 0.000087
cov: -0.008653 0.000087 0.018408
mean: 2.139826 -0.290014 -0.000220
cov: 0.077845 0.006958 -0.000356
cov: 0.006958 0.034377 -0.000336
cov: -0.000356 -0.000336 0.000189
mean: 1.863247 -1.184145 0.013097
cov: 0.105410 -0.002351 0.000718
cov: -0.002351 0.065616 -0.001096
cov: 0.000718 -0.001096 0.000310
mean: 2.120429 0.395464 -0.012394
cov: 0.028429 0.001874 -0.000732
cov: 0.001874 0.020901 -0.000598
cov: -0.000732 -0.000598 0.000626
mean: 5.595548 3.006784 1.820671
cov: 0.034720 0.000438 -0.003485
cov: 0.000438 0.000007 -0.000043
cov: -0.003485 -0.000043 0.016901
mean: 5.349211 3.009179 0.717597
cov: 0.039893 -0.000128 0.000330
cov: -0.000128 0.000011 0.000089
cov: 0.000330 0.000089 0.030635
mean: 5.258592 3.006542 1.329101
cov: 0.018726 -0.000232 0.005020
cov: -0.000232 0.000009 0.000234
cov: 0.005020 0.000234 0.019466
mean: 4.865259 -2.985309 0.679392
cov: 0.077101 -0.001439 -0.032702
cov: -0.001439 0.000321 0.000859
cov: -0.032702 0.000859 0.053304
mean: 6.555923 -3.041579 1.653068
cov: 0.128909 0.002520 -0.010183
cov: 0.002520 0.000159 -0.000746
cov: -0.010183 -0.000746 0.054569
mean: 2.968453 2.382544 -0.001042
cov: 0.046293 -0.022833 -0.001252
cov: -0.022833 0.051733 0.004509
cov: -0.001252 0.004509 0.001009
mean: 5.159933 -2.981919 1.047769
cov: 0.046825 -0.002722 -0.010640
cov: -0.002722 0.000284 -0.000468
cov: -0.010640 -0.000468 0.048118
mean: 2.890064 0.406910 -0.016553
cov: 0.041084 0.007883 0.000167
cov: 0.007883 0.027460 0.000010
cov: 0.000167 0.000010 0.000239
mean: 3.334343 1.409134 0.602903
cov: 0.016630 -0.009632 0.006306
cov: -0.009632 0.011553 -0.005489
cov: 0.006306 -0.005489 0.048158
mean: 3.414262 -0.345200 -0.000174
cov: 0.047700 0.013326 0.001759
cov: 0.013326 0.081283 0.002950
cov: 0.001759 0.002950 0.000351
mean: 1.119484 -2.929377 1.970332
cov: 0.023265 0.000665 -0.004317
cov: 0.000665 0.000289 0.001040
cov: -0.004317 0.001040 0.005955
mean: 0.306241 -2.944490 1.757592
cov: 0.148037 0.001766 0.029623
cov: 0.001766 0.001053 -0.000970
cov: 0.029623 -0.000970 0.031630
mean: 3.497391 0.990901 1.058929
cov: 0.028468 -0.028382 -0.004989
cov: -0.028382 0.038198 -0.003270
cov: -0.004989 -0.003270 0.014557
mean: 3.751990 0.947280 0.036946
cov: 0.054307 -0.010731 -0.001125
cov: -0.010731 0.029539 0.000587
cov: -0.001125 0.000587 0.004028
mean: 3.779643 -1.272941 0.594178
cov: 0.009818 -0.003568 -0.004885
cov: -0.003568 0.002525 0.001910
cov: -0.004885 0.001910 0.020932
mean: 3.644849 -1.360696 1.512882
cov: 0.012432 -0.002203 0.002592
cov: -0.002203 0.001136 -0.000839
cov: 0.002592 -0.000839 0.030851
mean: -0.900674 0.297114 1.798760
cov: 0.000131 -0.000067 0.000154
cov: -0.000067 0.060195 -0.010471
cov: 0.000154 -0.010471 0.029107
mean: 2.169378 -1.739620 0.651152
cov: 0.009504 -0.005936 -0.003686
cov: -0.005936 0.015031 -0.003432
cov: -0.003686 -0.003432 0.039751
mean: -0.911775 -0.232545 1.598925
cov: 0.000136 0.000406 -0.000198
cov: 0.000406 0.046953 -0.006040
cov: -0.000198 -0.006040 0.040504
mean: 0.680367 -3.044667 1.475652
cov: 0.094806 0.001156 0.015322
cov: 0.001156 0.000476 0.002760
cov: 0.015322 0.002760 0.137387
mean: 2.386591 -2.246789 0.009074
cov: 0.059160 0.016969 -0.000182
cov: 0.016969 0.083021 -0.001800
cov: -0.000182 -0.001800 0.000322
mean: -0.075007 -1.125609 0.219457
cov: 0.056874 -0.003197 -0.000618
cov: -0.003197 0.056389 0.000479
cov: -0.000618 0.000479 0.000202
mean: 4.916502 -3.020601 1.981471
cov: 0.019744 -0.001164 0.003902
cov: -0.001164 0.000124 0.000255
cov: 0.003902 0.000255 0.005049
mean: 6.874035 -3.031852 1.806881
cov: 0.080093 0.000910 0.000916
cov: 0.000910 0.000070 -0.000221
cov: 0.000916 -0.000221 0.013861
mean: 4.573506 -0.738810 0.002705
cov: 0.047556 -0.002622 0.000404
cov: -0.002622 0.026298 -0.000344
cov: 0.000404 -0.000344 0.000207
mean: 7.172747 -3.051686 1.962714
cov: 0.020756 -0.000338 -0.003761
cov: -0.000338 0.000024 -0.000190
cov: -0.003761 -0.000190 0.004850
mean: 6.036610 -3.039944 1.873466
cov: 0.037913 0.000377 0.004870
cov: 0.000377 0.000047 0.000145
cov: 0.004870 0.000145 0.005237
mean: 3.070445 -2.966662 0.272018
cov: 0.070293 -0.003229 0.001907
cov: -0.003229 0.003911 -0.003342
cov: 0.001907 -0.003342 0.029971
mean: -0.116968 -2.023588 0.034687
cov: 0.122761 0.010059 -0.000038
cov: 0.010059 0.072543 0.000953
cov: -0.000038 0.000953 0.000704
mean: 9.034938 -2.119367 1.914629
cov: 0.000107 -0.000669 -0.000419
cov: -0.000669 0.008582 0.002100
cov: -0.000419 0.002100 0.008344
mean: 6.864769 -3.012026 1.825001
cov: 0.174687 -0.004322 0.003639
cov: -0.004322 0.000141 0.000193
cov: 0.003639 0.000193 0.021080
mean: 0.735471 -2.427638 0.018094
cov: 0.089678 -0.022571 -0.002586
cov: -0.022571 0.059987 -0.000220
cov: -0.002586 -0.000220 0.000332
mean: 5.865499 -3.003649 1.403037
cov: 0.057254 -0.001578 0.001796
cov: -0.001578 0.000402 -0.000362
cov: 0.001796 -0.000362 0.031292
mean: 9.022988 -2.459362 1.314803
cov: 0.000166 -0.000142 -0.000667
cov: -0.000142 0.009094 0.003703
cov: -0.000667 0.003703 0.009481
mean: 5.277376 -2.998846 1.871797
cov: 0.028900 -0.000793 0.004019
cov: -0.000793 0.000343 -0.000085
cov: 0.004019 -0.000085 0.009858
mean: 4.688500 -2.980993 1.783718
cov: 0.014174 -0.000258 0.005065
cov: -0.000258 0.000194 0.000141
cov: 0.005065 0.000141 0.023372
mean: 6.738530 -3.009388 1.547516
cov: 0.071397 -0.000577 -0.006881
cov: -0.000577 0.000195 0.000027
cov: -0.006881 0.000027 0.065187
mean: 5.363159 -2.960301 0.138139
cov: 0.110742 0.000622 -0.015922
cov: 0.000622 0.005480 -0.003363
cov: -0.015922 -0.003363 0.025380
mean: 4.154788 -1.248458 -0.010080
cov: 0.044116 -0.000886 -0.000652
cov: -0.000886 0.021857 0.000037
cov: -0.000652 0.000037 0.000430
mean: -0.933744 -2.860945 1.274140
cov: 0.007172 -0.005210 0.003009
cov: -0.005210 0.024994 -0.005250
cov: 0.003009 -0.005250 0.128563
mean: 0.801474 0.397875 0.180409
cov: 0.034316 0.027083 0.004688
cov: 0.027083 0.046552 0.021059
cov: 0.004688 0.021059 0.059626
mean: 2.446280 -2.837446 0.061975
cov: 0.068757 -0.005257 0.007056
cov: -0.005257 0.026236 -0.007943
cov: 0.007056 -0.007943 0.009962
mean: -0.130129 -3.032588 1.624975
cov: 0.081111 0.002284 -0.026010
cov: 0.002284 0.000505 0.000861
cov: -0.026010 0.000861 0.134996
mean: 0.833705 2.933549 1.100004
cov: 0.048633 -0.005318 -0.000204
cov: -0.005318 0.001409 0.000559
cov: -0.000204 0.000559 0.061059
mean: -0.559728 2.957124 1.671467
cov: 0.066767 -0.001572 0.016948
cov: -0.001572 0.000968 -0.001809
cov: 0.016948 -0.001809 0.053652
mean: -0.519031 2.946502 0.512761
cov: 0.061359 -0.002235 -0.020222
cov: -0.002235 0.002010 0.001062
cov: -0.020222 0.001062 0.127331
mean: 0.995725 2.913503 1.839880
cov: 0.184966 -0.003849 -0.007174
cov: -0.003849 0.000307 -0.000290
cov: -0.007174 -0.000290 0.019898
mean: 2.281786 2.898949 0.395340
cov: 0.044659 -0.000133 -0.023114
cov: -0.000133 0.000724 0.001090
cov: -0.023114 0.001090 0.063590
mean: 0.304897 2.943159 0.552646
cov: 0.070207 -0.002186 -0.004938
cov: -0.002186 0.001699 -0.001622
cov: -0.004938 -0.001622 0.066522
mean: 0.008063 2.957678 1.311335
cov: 0.070068 0.002334 -0.034892
cov: 0.002334 0.001078 0.000488
cov: -0.034892 0.000488 0.081745
mean: 0.039385 2.966715 1.749693
cov: 0.093234 -0.002264 0.011380
cov: -0.002264 0.000947 -0.001094
cov: 0.011380 -0.001094 0.030653
mean: 1.826815 0.267464 0.314952
cov: 0.007848 0.011727 0.000229
cov: 0.011727 0.027887 0.001870
cov: 0.000229 0.001870 0.027560
mean: 3.622697 0.822095 1.235070
cov: 0.017384 -0.015749 0.000518
cov: -0.015749 0.020324 0.001870
cov: 0.000518 0.001870 0.019057
mean: 5.621311 -1.430859 1.117431
cov: 0.061501 0.029976 0.006851
cov: 0.029976 0.021186 -0.003165
cov: 0.006851 -0.003165 0.013538
mean: 4.437620 -2.960630 1.906986
cov: 0.051772 0.001230 -0.002510
cov: 0.001230 0.000147 -0.000311
cov: -0.002510 -0.000311 0.008688
mean: 5.206774 -1.745506 0.741300
cov: 0.023588 0.020365 0.002087
cov: 0.020365 0.040996 0.012752
cov: 0.002087 0.012752 0.012144
mean: 8.995581 -2.466452 1.976478
cov: 0.000161 -0.000642 0.000496
cov: -0.000642 0.004894 0.002003
cov: 0.000496 0.002003 0.008353
mean: 4.895250 -2.866242 0.050844
cov: 0.056430 0.016203 -0.003796
cov: 0.016203 0.017938 -0.006050
cov: -0.003796 -0.006050 0.013330
mean: 6.727491 -3.002022 1.964866
cov: 0.012632 0.000365 -0.003967
cov: 0.000365 0.000041 0.000253
cov: -0.003967 0.000253 0.005752
mean: 5.319281 -1.904565 1.219090
cov: 0.033690 0.002061 0.000387
cov: 0.002061 0.020212 0.000060
cov: 0.000387 0.000060 0.001062
mean: 4.468816 -2.998008 0.735889
cov: 0.013413 -0.000628 -0.003035
cov: -0.000628 0.000213 0.000213
cov: -0.003035 0.000213 0.045966
mean: 4.263837 -2.991174 1.622810
cov: 0.006018 -0.000074 -0.000252
cov: -0.000074 0.000141 -0.000011
cov: -0.000252 -0.000011 0.004982
mean: 5.052584 -3.001938 1.459980
cov: 0.013019 -0.000130 0.003099
cov: -0.000130 0.000165 0.000415
cov: 0.003099 0.000415 0.030157
mean: 4.465763 -2.999460 1.815709
cov: 0.003277 0.000081 -0.000243
cov: 0.000081 0.000545 0.000820
cov: -0.000243 0.000820 0.006064
mean: 4.081596 -2.993016 1.330982
cov: 0.008497 -0.000382 -0.001392
cov: -0.000382 0.000374 0.000742
cov: -0.001392 0.000742 0.005893
mean: 4.367350 -2.993095 1.487795
cov: 0.004021 0.000024 -0.000195
cov: 0.000024 0.000215 0.000071
cov: -0.000195 0.000071 0.003797
mean: 3.597806 -2.982486 1.478043
cov: 0.014628 -0.000040 -0.003715
cov: -0.000040 0.000142 -0.000394
cov: -0.003715 -0.000394 0.013288
mean: 4.609469 -2.994906 1.160397
cov: 0.016412 -0.000522 0.002202
cov: -0.000522 0.000096 -0.000204
cov: 0.002202 -0.000204 0.009705
mean: 4.049528 -2.989616 1.683934
cov: 0.009065 -0.000385 0.001098
cov: -0.000385 0.000307 -0.000225
cov: 0.001098 -0.000225 0.008364
mean: 4.853724 -3.001897 1.695408
cov: 0.010191 -0.000073 -0.001404
cov: -0.000073 0.000098 -0.000020
cov: -0.001404 -0.000020 0.007421
mean: 4.371609 -2.992877 1.831005
cov: 0.010440 -0.000314 0.003576
cov: -0.000314 0.000147 -0.000109
cov: 0.003576 -0.000109 0.007030
mean: 3.181797 -2.977345 1.385853
cov: 0.006162 0.000040 0.002196
cov: 0.000040 0.000066 -0.000094
cov: 0.002196 -0.000094 0.014873
mean: 3.359850 -2.977345 1.184620
cov: 0.009930 -0.000097 0.000409
cov: -0.000097 0.000078 -0.000075
cov: 0.000409 -0.000075 0.011367
mean: 4.197171 -2.992717 1.259684
cov: 0.004840 -0.000020 0.000849
cov: -0.000020 0.000163 0.000157
cov: 0.000849 0.000157 0.008483
mean: 3.862397 -2.987298 1.433853
cov: 0.006904 -0.000277 0.002266
cov: -0.000277 0.000234 -0.000150
cov: 0.002266 -0.000150 0.010347
mean: 4.087049 -2.989942 1.525620
cov: 0.006209 -0.000218 0.000607
cov: -0.000218 0.000280 -0.000111
cov: 0.000607 -0.000111 0.005105
mean: 4.502091 -2.994852 1.698691
cov: 0.005780 -0.000315 0.000888
cov: -0.000315 0.000166 -0.000057
cov: 0.000888 -0.000057 0.006981
mean: 4.075956 -2.990339 1.908360
cov: 0.012559 -0.000000 0.000181
cov: -0.000000 0.000209 0.000058
cov: 0.000181 0.000058 0.002291
mean: 4.270247 -2.990810 1.388069
cov: 0.005615 -0.000122 -0.000677
cov: -0.000122 0.000124 0.000024
cov: -0.000677 0.000024 0.003306
mean: 3.817871 -2.986105 1.220536
cov: 0.016881 -0.000470 0.002398
cov: -0.000470 0.000228 -0.000114
cov: 0.002398 -0.000114 0.004935
mean: 4.508770 -3.000111 1.497932
cov: 0.002781 0.000043 -0.001195
cov: 0.000043 0.000473 0.000087
cov: -0.001195 0.000087 0.004441
mean: 4.495496 -2.995065 1.385063
cov: 0.016635 -0.000352 0.001334
cov: -0.000352 0.000163 0.000305
cov: 0.001334 0.000305 0.007676
mean: 3.713572 -2.983826 1.768983
cov: 0.014253 -0.000140 -0.002064
cov: -0.000140 0.000167 -0.000019
cov: -0.002064 -0.000019 0.009966
mean: 5.524323 -3.007352 0.870027
cov: 0.075574 -0.000829 -0.075228
cov: -0.000829 0.000164 0.000956
cov: -0.075228 0.000956 0.112416
mean: 7.838837 2.968377 0.260724
cov: 0.015006 0.000769 0.008758
cov: 0.000769 0.001479 0.005532
cov: 0.008758 0.005532 0.023060
mean: 1.472416 0.522837 0.997562
cov: 0.038348 0.009851 -0.001587
cov: 0.009851 0.015359 0.008992
cov: -0.001587 0.008992 0.033712
mean: 3.355121 2.876276 1.985928
cov: 0.026035 0.000878 -0.007145
cov: 0.000878 0.000031 -0.000280
cov: -0.007145 -0.000280 0.006862
mean: 2.367104 2.743927 -0.020811
cov: 0.003128 0.001188 -0.000238
cov: 0.001188 0.001938 0.000216
cov: -0.000238 0.000216 0.000470
mean: 6.498151 2.327467 0.013765
cov: 0.050640 0.000160 0.000862
cov: 0.000160 0.036794 0.000492
cov: 0.000862 0.000492 0.000053
mean: 8.932776 1.344968 1.382111
cov: 0.000081 0.000543 -0.000356
cov: 0.000543 0.074215 -0.022571
cov: -0.000356 -0.022571 0.058476
mean: 8.929142 2.212765 1.183541
cov: 0.000052 -0.000610 -0.000314
cov: -0.000610 0.053531 0.028119
cov: -0.000314 0.028119 0.123485
mean: 8.358160 -3.055465 1.766694
cov: 0.003896 0.000365 0.002794
cov: 0.000365 0.000109 0.000815
cov: 0.002794 0.000815 0.023763
mean: 6.716855 2.975088 0.828374
cov: 0.012298 0.000254 0.004314
cov: 0.000254 0.000022 0.000308
cov: 0.004314 0.000308 0.004703
mean: 7.924255 2.972987 1.843593
cov: 0.020969 -0.000195 -0.006718
cov: -0.000195 0.000003 -0.000025
cov: -0.006718 -0.000025 0.016063
mean: 8.257116 2.973701 1.390114
cov: 0.029319 -0.000399 0.000022
cov: -0.000399 0.000007 0.000165
cov: 0.000022 0.000165 0.029455
mean: 7.867206 2.972645 1.122521
cov: 0.027168 -0.000062 -0.005721
cov: -0.000062 0.000007 0.000061
cov: -0.005721 0.000061 0.024298
mean: 7.067016 2.975577 0.796430
cov: 0.010900 -0.000277 0.008360
cov: -0.000277 0.000010 -0.000232
cov: 0.008360 -0.000232 0.026690
mean: 4.706121 -2.959233 0.886046
cov: 0.031457 0.000299 0.007270
cov: 0.000299 0.000134 0.000661
cov: 0.007270 0.000661 0.028633
mean: 5.153643 1.321223 -0.029782
cov: 0.007365 -0.001542 -0.000056
cov: -0.001542 0.003456 0.000185
cov: -0.000056 0.000185 0.000148
mean: 3.973051 -2.973046 0.614422
cov: 0.032571 -0.000212 0.002713
cov: -0.000212 0.000647 0.001335
cov: 0.002713 0.001335 0.045392
mean: 6.452042 -0.299940 0.025655
cov: 0.025335 -0.006132 0.000706
cov: -0.006132 0.214905 -0.005989
cov: 0.000706 -0.005989 0.000183
mean: 4.230608 -2.956736 1.077661
cov: 0.028110 -0.000460 -0.002589
cov: -0.000460 0.000099 -0.000415
cov: -0.002589 -0.000415 0.020983
mean: 4.916119 1.195807 -0.028418
cov: 0.005863 0.001694 -0.000172
cov: 0.001694 0.004313 -0.000037
cov: -0.000172 -0.000037 0.000113
mean: 9.023709 0.494702 1.841299
cov: 0.000169 0.000150 -0.000286
cov: 0.000150 0.022314 -0.002960
cov: -0.000286 -0.002960 0.024093
mean: 9.027311 -0.221732 1.835923
cov: 0.000912 0.000101 -0.000520
cov: 0.000101 0.062798 -0.029559
cov: -0.000520 -0.029559 0.025602
mean: 6.175838 0.535532 0.554617
cov: 0.021500 -0.003256 -0.008273
cov: -0.003256 0.028204 0.020679
cov: -0.008273 0.020679 0.025646
mean: 9.026278 0.010519 1.883286
cov: 0.000306 0.001195 0.000828
cov: 0.001195 0.004840 0.002295
cov: 0.000828 0.002295 0.007669
mean: 5.024125 1.047631 -0.019060
cov: 0.005029 0.002128 -0.000119
cov: 0.002128 0.002336 0.000073
cov: -0.000119 0.000073 0.000229
mean: 4.962888 -1.727396 0.958605
cov: 0.007495 0.002616 0.003510
cov: 0.002616 0.001634 0.000533
cov: 0.003510 0.000533 0.007282
mean: 9.026863 -0.646989 0.735297
cov: 0.000437 0.000036 -0.000992
cov: 0.000036 0.002050 0.001367
cov: -0.000992 0.001367 0.022568
mean: 4.840010 0.932298 0.023593
cov: 0.128959 -0.043094 -0.005820
cov: -0.043094 0.052261 0.002968
cov: -0.005820 0.002968 0.000390
mean: 9.032756 -1.957693 1.685084
cov: 0.000041 0.000259 -0.000280
cov: 0.000259 0.005078 0.002334
cov: -0.000280 0.002334 0.006869
mean: 7.440538 -0.928819 1.709163
cov: 0.013183 -0.004941 -0.002450
cov: -0.004941 0.006810 -0.002267
cov: -0.002450 -0.002267 0.048067
mean: 9.056769 -2.043838 1.953454
cov: 0.000076 -0.000276 0.000613
cov: -0.000276 0.005863 0.001254
cov: 0.000613 0.001254 0.007404
mean: 3.936072 -1.696585 1.139794
cov: 0.001090 0.000902 -0.009164
cov: 0.000902 0.006264 -0.008146
cov: -0.009164 -0.008146 0.120044
mean: 3.722133 -0.782313 -0.014997
cov: 0.002903 0.001106 0.000104
cov: 0.001106 0.006860 -0.000157
cov: 0.000104 -0.000157 0.000186
mean: 4.940181 -2.381354 -0.011018
cov: 0.038164 -0.021284 0.000705
cov: -0.021284 0.026715 -0.000642
cov: 0.000705 -0.000642 0.000179
mean: 4.685611 -2.067386 -0.010929
cov: 0.002408 -0.000438 0.000129
cov: -0.000438 0.004879 -0.000794
cov: 0.000129 -0.000794 0.000218
mean: 5.223050 -2.299418 -0.011130
cov: 0.022974 -0.029062 0.000463
cov: -0.029062 0.055841 -0.000452
cov: 0.000463 -0.000452 0.000283
mean: 4.503095 -1.943330 -0.014596
cov: 0.001851 -0.000780 0.000111
cov: -0.000780 0.008320 -0.000022
cov: 0.000111 -0.000022 0.000183
mean: 0.948210 -0.269410 0.009854
cov: 0.081846 -0.005881 -0.000491
cov: -0.005881 0.042348 0.000349
cov: -0.000491 0.000349 0.000247
mean: -0.292813 -3.075415 0.594910
cov: 0.068134 0.000738 0.029617
cov: 0.000738 0.000059 0.000727
cov: 0.029617 0.000727 0.049900
mean: -0.243026 -0.213567 0.020068
cov: 0.077822 0.017833 0.000067
cov: 0.017833 0.041181 -0.001319
cov: 0.000067 -0.001319 0.000609
mean: 3.364380 1.126381 1.302447
cov: 0.013230 -0.006259 0.003903
cov: -0.006259 0.013568 0.002059
cov: 0.003903 0.002059 0.019540
mean: 8.978702 -1.332705 0.786116
cov: 0.000475 -0.000635 -0.000001
cov: -0.000635 0.016538 0.007832
cov: -0.000001 0.007832 0.028404
mean: 8.962074 -1.237665 1.793643
cov: 0.000344 0.001382 0.000059
cov: 0.001382 0.048086 0.001387
cov: 0.000059 0.001387 0.016008
mean: 8.973494 -1.940613 1.798232
cov: 0.000308 -0.000431 0.000084
cov: -0.000431 0.163104 0.030588
cov: 0.000084 0.030588 0.022256
mean: 8.971203 -1.636188 1.190664
cov: 0.000229 0.000241 0.002005
cov: 0.000241 0.031714 0.015618
cov: 0.002005 0.015618 0.070926
mean: 7.286105 -0.497405 1.967641
cov: 0.002629 0.004311 0.001857
cov: 0.004311 0.007098 0.003276
cov: 0.001857 0.003276 0.006029
mean: 8.967979 -2.496236 0.919385
cov: 0.000822 0.002005 0.002670
cov: 0.002005 0.026135 0.020636
cov: 0.002670 0.020636 0.087562
mean: 5.178990 -2.273918 0.904211
cov: 0.002551 0.001530 -0.001170
cov: 0.001530 0.001666 -0.002143
cov: -0.001170 -0.002143 0.012799
mean: 8.989764 -1.718037 1.867724
cov: 0.000165 0.000093 0.000059
cov: 0.000093 0.006205 -0.000357
cov: 0.000059 -0.000357 0.004220
mean: 8.987714 -1.622384 0.956077
cov: 0.000089 0.000256 -0.000198
cov: 0.000256 0.018136 -0.001966
cov: -0.000198 -0.001966 0.014450
mean: 9.000528 -2.744896 0.589712
cov: 0.000132 -0.000033 -0.000941
cov: -0.000033 0.012431 0.003501
cov: -0.000941 0.003501 0.017284
mean: 7.813647 -3.011519 1.969691
cov: 0.032312 -0.000360 -0.006431
cov: -0.000360 0.000021 0.000360
cov: -0.006431 0.000360 0.006040
mean: 6.598248 -3.017923 0.563637
cov: 0.024477 0.000167 -0.008781
cov: 0.000167 0.000181 -0.000367
cov: -0.008781 -0.000367 0.037468
mean: 8.991158 -2.356956 1.816744
cov: 0.000142 -0.000158 -0.000103
cov: -0.000158 0.007209 -0.000415
cov: -0.000103 -0.000415 0.016523
mean: 8.976641 -1.937935 0.539095
cov: 0.000157 -0.000317 -0.000363
cov: -0.000317 0.010311 0.000584
cov: -0.000363 0.000584 0.010150
mean: 8.829194 -2.715466 0.102652
cov: 0.021683 0.012774 0.005933
cov: 0.012774 0.032886 -0.000010
cov: 0.005933 -0.000010 0.009003
mean: 8.981352 -1.735204 0.620859
cov: 0.000176 0.000777 0.000224
cov: 0.000777 0.022976 0.007620
cov: 0.000224 0.007620 0.014741
mean: 8.983530 -2.000606 1.904206
cov: 0.000195 0.000142 -0.000518
cov: 0.000142 0.008343 -0.003208
cov: -0.000518 -0.003208 0.004673
mean: 6.329631 -1.475177 1.213110
cov: 0.039337 0.007837 -0.003211
cov: 0.007837 0.014792 0.001976
cov: -0.003211 0.001976 0.002206
mean: 6.064095 -1.767509 1.141243
cov: 0.008942 0.000208 -0.004780
cov: 0.000208 0.004500 0.003427
cov: -0.004780 0.003427 0.006511
mean: 7.014682 -2.835118 -0.001447
cov: 0.053179 0.025344 -0.000002
cov: 0.025344 0.025419 -0.000270
cov: -0.000002 -0.000270 0.000467
mean: 7.517023 -2.236119 0.578117
cov: 0.001240 0.000265 0.000545
cov: 0.000265 0.003173 0.000066
cov: 0.000545 0.000066 0.002343
mean: 8.750793 -2.341336 0.041576
cov: 0.025165 0.000394 0.004333
cov: 0.000394 0.020104 0.000460
cov: 0.004333 0.000460 0.003062
mean: 8.949303 -0.840411 1.898783
cov: 0.000195 -0.000420 -0.000250
cov: -0.000420 0.008584 -0.000547
cov: -0.000250 -0.000547 0.002574
mean: 7.067722 -3.038574 0.568178
cov: 0.036141 0.000011 -0.004317
cov: 0.000011 0.000007 -0.000023
cov: -0.004317 -0.000023 0.023654
mean: 8.935264 -2.606251 0.483123
cov: 0.000149 0.000602 -0.000395
cov: 0.000602 0.029561 -0.005189
cov: -0.000395 -0.005189 0.017374
mean: 8.941383 -1.781998 1.825902
cov: 0.000246 0.000157 -0.000054
cov: 0.000157 0.012250 -0.005674
cov: -0.000054 -0.005674 0.015862
mean: 8.945050 -1.444242 1.883589
cov: 0.000261 -0.000024 -0.000242
cov: -0.000024 0.008934 -0.001333
cov: -0.000242 -0.001333 0.007415
mean: 7.629496 -2.634831 0.010533
cov: 0.142708 -0.028937 0.001752
cov: -0.028937 0.029268 -0.000682
cov: 0.001752 -0.000682 0.000144
mean: 8.940260 -2.666712 1.628308
cov: 0.000158 0.000640 -0.000276
cov: 0.000640 0.019213 0.002187
cov: -0.000276 0.002187 0.014875
mean: 8.939379 -1.952390 1.043487
cov: 0.000183 0.000055 0.000286
cov: 0.000055 0.011747 -0.001008
cov: 0.000286 -0.001008 0.017339
mean: 8.950270 -1.411129 1.595883
cov: 0.000150 0.000453 0.000126
cov: 0.000453 0.004464 -0.000846
cov: 0.000126 -0.000846 0.005449
mean: 8.942971 -1.963359 0.556522
cov: 0.000190 -0.000351 0.000247
cov: -0.000351 0.023826 -0.007665
cov: 0.000247 -0.007665 0.014212
mean: 8.941165 -1.406555 1.093455
cov: 0.000315 -0.000024 -0.000180
cov: -0.000024 0.007015 0.002701
cov: -0.000180 0.002701 0.030658
mean: 5.577377 -3.042219 1.629753
cov: 0.001852 0.000045 -0.000308
cov: 0.000045 0.000119 -0.000012
cov: -0.000308 -0.000012 0.001228
mean: 8.330765 -1.504225 0.000298
cov: 0.035826 -0.019774 -0.000252
cov: -0.019774 0.072638 0.000336
cov: -0.000252 0.000336 0.000203
mean: 8.888588 -2.126427 0.919775
cov: 0.000132 0.000148 -0.000239
cov: 0.000148 0.036857 -0.010820
cov: -0.000239 -0.010820 0.040706
mean: 8.898659 -0.955955 0.549038
cov: 0.000239 0.001951 -0.000485
cov: 0.001951 0.120040 -0.018512
cov: -0.000485 -0.018512 0.066276
mean: 6.667499 -3.122439 0.926941
cov: 0.008190 0.000008 -0.000546
cov: 0.000008 0.000081 0.000019
cov: -0.000546 0.000019 0.008859
mean: 8.889497 -1.985458 1.803377
cov: 0.000161 0.000662 0.000162
cov: 0.000662 0.056428 -0.001099
cov: 0.000162 -0.001099 0.019150
mean: 8.171782 -3.121843 1.601134
cov: 0.060795 -0.000949 -0.026523
cov: -0.000949 0.000067 0.001151
cov: -0.026523 0.001151 0.045653
mean: 6.038957 -1.892268 0.456313
cov: 0.005175 0.002732 -0.001584
cov: 0.002732 0.001584 -0.000330
cov: -0.001584 -0.000330 0.012663
mean: 5.622036 -2.007122 1.163670
cov: 0.002319 -0.001179 -0.001779
cov: -0.001179 0.001299 0.001296
cov: -0.001779 0.001296 0.002002
mean: 8.895163 -1.391861 1.777189
cov: 0.000108 0.000230 0.000169
cov: 0.000230 0.060432 0.001570
cov: 0.000169 0.001570 0.021736
mean: 5.999772 -1.923949 0.942047
cov: 0.003647 0.001561 -0.004090
cov: 0.001561 0.000843 -0.001448
cov: -0.004090 -0.001448 0.010588
mean: 8.891618 -1.664159 1.233725
cov: 0.000176 0.000525 0.000126
cov: 0.000525 0.047638 0.005624
cov: 0.000126 0.005624 0.040259
mean: 8.869132 -2.971192 1.658230
cov: 0.001022 0.001620 -0.000843
cov: 0.001620 0.010313 -0.003338
cov: -0.000843 -0.003338 0.042821
mean: 7.116930 -3.121934 0.950208
cov: 0.164996 -0.001202 -0.108753
cov: -0.001202 0.000038 0.000745
cov: -0.108753 0.000745 0.081517
mean: 8.900756 -0.815958 1.445544
cov: 0.000169 0.002023 0.000599
cov: 0.002023 0.086372 0.038261
cov: 0.000599 0.038261 0.075690
mean: 5.778398 -2.042485 0.996645
cov: 0.003176 0.001292 -0.001741
cov: 0.001292 0.000860 -0.000247
cov: -0.001741 -0.000247 0.003414
mean: 8.881778 -2.589310 1.640828
cov: 0.000208 0.000389 0.000004
cov: 0.000389 0.042459 -0.003269
cov: 0.000004 -0.003269 0.036971
mean: 7.631518 -1.007200 0.595730
cov: 0.008358 0.000570 0.000765
cov: 0.000570 0.000925 -0.001615
cov: 0.000765 -0.001615 0.027814
mean: 8.887469 -1.901886 0.403206
cov: 0.000219 -0.000071 0.000370
cov: -0.000071 0.049661 0.007629
cov: 0.000370 0.007629 0.024320
mean: 6.676179 -1.437432 1.112053
cov: 0.042469 0.007658 -0.013260
cov: 0.007658 0.005291 0.001296
cov: -0.013260 0.001296 0.014482
mean: 8.883373 -2.721566 0.832478
cov: 0.000209 -0.000437 -0.000783
cov: -0.000437 0.063855 0.055282
cov: -0.000783 0.055282 0.109053
mean: 6.681333 -1.280427 1.223315
cov: 0.003691 0.000784 0.000017
cov: 0.000784 0.004342 -0.000261
cov: 0.000017 -0.000261 0.000323
mean: 7.006681 -1.259200 1.223048
cov: 0.005871 -0.002237 -0.002964
cov: -0.002237 0.002879 0.002186
cov: -0.002964 0.002186 0.002408
mean: 7.272915 -1.128865 1.148345
cov: 0.013739 0.004522 -0.006157
cov: 0.004522 0.010111 0.003707
cov: -0.006157 0.003707 0.008509
mean: 7.581933 -1.013577 1.439593
cov: 0.009488 0.000950 0.006678
cov: 0.000950 0.000554 0.000688
cov: 0.006678 0.000688 0.068585
mean: 7.642499 2.911152 1.673979
cov: 0.006701 -0.000095 0.002736
cov: -0.000095 0.000435 -0.000061
cov: 0.002736 -0.000061 0.045261
mean: 7.632249 -1.046769 1.039719
cov: 0.009591 0.003804 0.003785
cov: 0.003804 0.002200 -0.001357
cov: 0.003785 -0.001357 0.030245
mean: 7.311640 -0.770715 1.517307
cov: 0.001834 -0.000148 -0.000658
cov: -0.000148 0.009596 0.002252
cov: -0.000658 0.002252 0.016251
mean: 8.896963 -2.986260 0.185309
cov: 0.000203 -0.000254 -0.000218
cov: -0.000254 0.001457 -0.001090
cov: -0.000218 -0.001090 0.008773
mean: 8.948804 -0.544736 0.481589
cov: 0.000160 -0.000201 0.000338
cov: -0.000201 0.005892 0.004116
cov: 0.000338 0.004116 0.008753
mean: 8.919902 -1.083312 0.011104
cov: 0.003275 -0.000562 0.000931
cov: -0.000562 0.002775 -0.001500
cov: 0.000931 -0.001500 0.001452
mean: 6.812803 -1.351352 1.200094
cov: 0.000778 0.000323 -0.000007
cov: 0.000323 0.000472 0.000008
cov: -0.000007 0.000008 0.000237
mean: 8.939087 -0.105195 0.594810
cov: 0.000045 -0.000292 0.000450
cov: -0.000292 0.008946 -0.000105
cov: 0.000450 -0.000105 0.007340
mean: 6.502067 -1.305320 1.218535
cov: 0.001789 -0.000263 0.000259
cov: -0.000263 0.003277 -0.000868
cov: 0.000259 -0.000868 0.000385
mean: 8.946454 -1.203896 0.564743
cov: 0.000196 -0.000119 -0.000270
cov: -0.000119 0.000944 -0.000095
cov: -0.000270 -0.000095 0.007818
mean: 7.218505 1.030642 0.006858
cov: 0.035395 -0.017186 -0.000004
cov: -0.017186 0.029163 0.000498
cov: -0.000004 0.000498 0.000227
mean: 7.997639 1.839817 0.045984
cov: 0.040513 -0.009502 0.000100
cov: -0.009502 0.029260 0.000681
cov: 0.000100 0.000681 0.000023
mean: 7.142292 -1.012402 1.253989
cov: 0.001091 -0.000564 0.000098
cov: -0.000564 0.001742 -0.000013
cov: 0.000098 -0.000013 0.000067
mean: 8.689648 2.765309 0.688748
cov: 0.044317 -0.021395 0.032197
cov: -0.021395 0.026987 -0.047818
cov: 0.032197 -0.047818 0.343969
mean: 6.016952 -1.527293 1.207045
cov: 0.004571 0.001031 0.000607
cov: 0.001031 0.001946 -0.000288
cov: 0.000607 -0.000288 0.000236
mean: 7.305538 -0.660788 1.538300
cov: 0.000723 0.001343 -0.000456
cov: 0.001343 0.004759 -0.001081
cov: -0.000456 -0.001081 0.008594
mean: 8.405042 2.273048 0.039284
cov: 0.057068 0.004772 0.002100
cov: 0.004772 0.037682 0.001307
cov: 0.002100 0.001307 0.000184
mean: 6.940055 2.796572 1.973939
cov: 0.007025 -0.000108 0.003468
cov: -0.000108 0.000107 0.000781
cov: 0.003468 0.000781 0.008322
mean: 8.629477 2.783844 1.939324
cov: 0.007563 0.000006 0.001562
cov: 0.000006 0.000094 0.000002
cov: 0.001562 0.000002 0.005751
mean: 8.963745 2.775987 0.223227
cov: 0.002097 -0.000604 0.000872
cov: -0.000604 0.000355 0.000365
cov: 0.000872 0.000365 0.005861
mean: 7.166084 -0.985986 1.254344
cov: 0.001191 0.000106 0.000013
cov: 0.000106 0.000523 -0.000055
cov: 0.000013 -0.000055 0.000208
mean: 7.336251 -0.919460 1.961174
cov: 0.000986 -0.000625 -0.000149
cov: -0.000625 0.001040 -0.000020
cov: -0.000149 -0.000020 0.000417
mean: 8.938203 2.002663 0.384808
cov: 0.000013 0.000018 0.000408
cov: 0.000018 0.020129 0.012681
cov: 0.000408 0.012681 0.024842
mean: 7.055023 -0.784935 1.140531
cov: 0.005026 0.000500 0.002670
cov: 0.000500 0.001244 -0.000836
cov: 0.002670 -0.000836 0.002534
mean: 8.935394 2.424116 1.957515
cov: 0.000000 0.000000 0.000000
cov: 0.000000 0.000000 0.000000
cov: 0.000000 0.000000 0.000000
mean: 7.265148 -0.771589 1.955692
cov: 0.000697 -0.000176 -0.000148
cov: -0.000176 0.000501 0.000138
cov: -0.000148 0.000138 0.000408
mean: 8.933462 0.700312 1.721453
cov: 0.000063 -0.000072 0.000122
cov: -0.000072 0.020951 0.011530
cov: 0.000122 0.011530 0.035744
mean: 8.925426 2.101393 1.827906
cov: 0.000013 -0.000394 0.000003
cov: -0.000394 0.017796 0.010426
cov: 0.000003 0.010426 0.020166
mean: 7.419338 -0.458513 1.257907
cov: 0.001299 0.001171 -0.001151
cov: 0.001171 0.001059 -0.001047
cov: -0.001151 -0.001047 0.005830
mean: 8.867071 2.773351 0.545558
cov: 0.004598 -0.005331 -0.009571
cov: -0.005331 0.006300 0.011122
cov: -0.009571 0.011122 0.059199
mean: 6.716510 2.823461 1.763806
cov: 0.003547 0.000018 0.002509
cov: 0.000018 0.000143 0.000596
cov: 0.002509 0.000596 0.015772
mean: 7.209541 2.826397 1.363425
cov: 0.005809 -0.000328 -0.000606
cov: -0.000328 0.000352 0.000565
cov: -0.000606 0.000565 0.013280
mean: 7.103840 2.818659 0.768395
cov: 0.011422 -0.000563 -0.005282
cov: -0.000563 0.000255 0.000590
cov: -0.005282 0.000590 0.011615
mean: 6.915401 2.819930 1.852861
cov: 0.004503 -0.000178 0.002513
cov: -0.000178 0.000220 0.000237
cov: 0.002513 0.000237 0.006764
mean: 7.254776 2.817998 0.955642
cov: 0.005695 -0.000445 -0.005019
cov: -0.000445 0.000410 -0.000368
cov: -0.005019 -0.000368 0.015820
mean: 6.906994 2.825378 1.187864
cov: 0.010814 0.000311 -0.001003
cov: 0.000311 0.000377 0.001011
cov: -0.001003 0.001011 0.015162
mean: 7.043253 2.829099 1.614827
cov: 0.013335 -0.000194 0.003829
cov: -0.000194 0.000384 0.000369
cov: 0.003829 0.000369 0.008773
mean: 7.171928 2.818785 1.876879
cov: 0.003905 -0.000614 -0.001687
cov: -0.000614 0.000600 -0.000035
cov: -0.001687 -0.000035 0.005198
mean: 0.250309 -3.099176 1.080234
cov: 0.023658 0.000150 -0.012215
cov: 0.000150 0.000027 0.000566
cov: -0.012215 0.000566 0.042797
mean: 1.533759 -3.092330 1.170133
cov: 0.008497 0.000290 0.008748
cov: 0.000290 0.000036 0.000132
cov: 0.008748 0.000132 0.026686
mean: -0.987855 -1.942162 1.982798
cov: 0.000143 -0.000709 -0.000149
cov: -0.000709 0.005249 -0.003058
cov: -0.000149 -0.003058 0.008517
mean: 1.551380 0.372389 0.619921
cov: 0.018636 0.007297 0.001734
cov: 0.007297 0.026158 0.008189
cov: 0.001734 0.008189 0.007373
mean: -0.115500 -3.025275 0.420748
cov: 0.032419 -0.000118 -0.001713
cov: -0.000118 0.000056 -0.000479
cov: -0.001713 -0.000479 0.038695
mean: -0.685109 -2.999046 0.795024
cov: 0.022006 -0.000149 -0.005867
cov: -0.000149 0.000039 0.000142
cov: -0.005867 0.000142 0.011959
mean: -0.418118 -2.980684 1.312511
cov: 0.010401 0.000067 0.001431
cov: 0.000067 0.000196 -0.000013
cov: 0.001431 -0.000013 0.010018
mean: -0.153445 -2.980432 1.617855
cov: 0.006538 0.000425 0.001348
cov: 0.000425 0.000271 0.000096
cov: 0.001348 0.000096 0.007640
mean: -0.675735 -2.981158 1.883660
cov: 0.021384 -0.000850 -0.000571
cov: -0.000850 0.000191 -0.000103
cov: -0.000571 -0.000103 0.003963
mean: -0.203494 -2.980488 1.871556
cov: 0.013785 0.000203 0.000254
cov: 0.000203 0.000417 0.000070
cov: 0.000254 0.000070 0.004012
mean: -0.164859 -2.974084 1.144536
cov: 0.005369 0.000196 0.000575
cov: 0.000196 0.000330 -0.000189
cov: 0.000575 -0.000189 0.003962
mean: -0.503681 -2.979784 1.614908
cov: 0.010915 0.000258 0.001704
cov: 0.000258 0.000131 -0.000070
cov: 0.001704 -0.000070 0.009648
mean: -0.143044 -2.976214 1.360850
cov: 0.003984 0.000270 0.001269
cov: 0.000270 0.000648 0.000473
cov: 0.001269 0.000473 0.003916
mean: -0.669546 -2.967560 0.938836
cov: 0.003223 0.000081 -0.000122
cov: 0.000081 0.000205 -0.000269
cov: -0.000122 -0.000269 0.004781
mean: -1.024153 -1.343501 1.503296
cov: 0.000131 -0.000078 0.000015
cov: -0.000078 0.004205 -0.001551
cov: 0.000015 -0.001551 0.002948
mean: -1.023665 -1.327774 1.894889
cov: 0.000145 -0.000259 0.000030
cov: -0.000259 0.004554 0.000038
cov: 0.000030 0.000038 0.001999
mean: -0.619090 -2.964940 1.658911
cov: 0.003300 -0.000046 -0.001588
cov: -0.000046 0.000246 0.000266
cov: -0.001588 0.000266 0.003594
mean: -0.732680 -2.966007 1.893478
cov: 0.003739 0.000256 0.000218
cov: 0.000256 0.000230 0.000248
cov: 0.000218 0.000248 0.003263
mean: -1.023109 -1.301239 1.655910
cov: 0.000092 -0.000013 0.000013
cov: -0.000013 0.002403 -0.000740
cov: 0.000013 -0.000740 0.003461
mean: -0.946080 -2.935690 0.773329
cov: 0.001124 -0.000952 0.000341
cov: -0.000952 0.003171 0.000454
cov: 0.000341 0.000454 0.002306
mean: -0.682547 -2.967745 1.503137
cov: 0.005142 -0.000129 -0.002784
cov: -0.000129 0.000264 0.000040
cov: -0.002784 0.000040 0.006747
mean: -1.024437 -1.415209 1.680227
cov: 0.000249 -0.000077 0.000073
cov: -0.000077 0.000597 -0.000216
cov: 0.000073 -0.000216 0.001293
mean: -1.025859 -1.387691 1.799199
cov: 0.000171 0.000011 0.000065
cov: 0.000011 0.001072 0.000269
cov: 0.000065 0.000269 0.001306
mean: -0.962633 -1.417673 1.281826
cov: 0.000175 -0.000124 -0.000022
cov: -0.000124 0.002097 -0.000607
cov: -0.000022 -0.000607 0.001963
mean: -0.588719 -2.970896 1.841607
cov: 0.002039 0.000110 0.000975
cov: 0.000110 0.000278 0.000279
cov: 0.000975 0.000279 0.003862
mean: -0.727164 -2.964345 0.742743
cov: 0.002518 0.000050 0.000660
cov: 0.000050 0.000303 0.000019
cov: 0.000660 0.000019 0.003304
mean: -0.972928 -2.717017 0.628564
cov: 0.000039 0.000004 0.000181
cov: 0.000004 0.005452 -0.001178
cov: 0.000181 -0.001178 0.009772
mean: -0.956912 -1.531066 1.917401
cov: 0.000122 0.000054 -0.000042
cov: 0.000054 0.003718 0.000691
cov: -0.000042 0.000691 0.001254
mean: -0.963332 -1.576451 1.837895
cov: 0.000232 -0.000087 -0.000070
cov: -0.000087 0.000829 0.000227
cov: -0.000070 0.000227 0.002110
mean: -0.968360 -2.269441 1.246738
cov: 0.000045 0.000051 0.000043
cov: 0.000051 0.006150 0.003921
cov: 0.000043 0.003921 0.012090
mean: -0.971556 -2.651430 1.541832
cov: 0.000027 0.000113 -0.000103
cov: 0.000113 0.008957 0.001130
cov: -0.000103 0.001130 0.033152
mean: -0.962472 -1.667697 1.575649
cov: 0.000154 -0.000012 0.000103
cov: -0.000012 0.002546 0.000121
cov: 0.000103 0.000121 0.002085
mean: -0.963647 -1.554275 1.886818
cov: 0.000185 -0.000084 0.000000
cov: -0.000084 0.000995 0.000041
cov: 0.000000 0.000041 0.001844
mean: -0.845106 -2.964037 1.869289
cov: 0.002493 0.000158 -0.001089
cov: 0.000158 0.000345 -0.000047
cov: -0.001089 -0.000047 0.004651
mean: -0.962046 -1.733661 1.727401
cov: 0.000150 0.000110 -0.000030
cov: 0.000110 0.009168 -0.000539
cov: -0.000030 -0.000539 0.002112
mean: -0.961511 -1.575928 1.687985
cov: 0.000219 -0.000083 0.000047
cov: -0.000083 0.000591 -0.000298
cov: 0.000047 -0.000298 0.002884
mean: -0.976010 -2.735246 0.972774
cov: 0.000035 -0.000135 -0.000077
cov: -0.000135 0.003776 -0.001202
cov: -0.000077 -0.001202 0.006872
mean: -0.973016 -2.666020 0.974012
cov: 0.000022 0.000117 -0.000004
cov: 0.000117 0.012979 0.004143
cov: -0.000004 0.004143 0.008127
mean: -0.965983 -1.981159 1.638787
cov: 0.000073 0.000232 -0.000072
cov: 0.000232 0.018913 -0.010945
cov: -0.000072 -0.010945 0.014580
mean: -0.962321 -1.625057 1.889849
cov: 0.000207 -0.000044 -0.000022
cov: -0.000044 0.002801 -0.000165
cov: -0.000022 -0.000165 0.002951
mean: -0.963679 -1.840430 1.883473
cov: 0.000107 0.000105 -0.000019
cov: 0.000105 0.012150 -0.001785
cov: -0.000019 -0.001785 0.002663
mean: -0.900857 -2.934612 1.937363
cov: 0.003365 -0.001081 -0.000223
cov: -0.001081 0.002634 0.000189
cov: -0.000223 0.000189 0.000888
mean: -0.879875 -2.960844 1.779688
cov: 0.002615 -0.000089 -0.000457
cov: -0.000089 0.000419 0.000067
cov: -0.000457 0.000067 0.027149
mean: -0.119847 -2.978620 1.938145
cov: 0.004737 0.000151 0.000161
cov: 0.000151 0.000146 0.000106
cov: 0.000161 0.000106 0.000671
mean: 0.653146 -1.667370 -0.005487
cov: 0.009271 -0.002340 -0.000127
cov: -0.002340 0.082154 0.000159
cov: -0.000127 0.000159 0.000245
mean: 4.240153 3.035616 0.783838
cov: 0.003939 -0.000736 0.002445
cov: -0.000736 0.000197 0.000301
cov: 0.002445 0.000301 0.018821
mean: 3.223211 -1.657958 1.427067
cov: 0.000233 -0.000920 0.000965
cov: -0.000920 0.009647 0.002048
cov: 0.000965 0.002048 0.050242
mean: 2.498739 -2.966958 1.557838
cov: 0.109759 0.001227 0.047998
cov: 0.001227 0.000026 0.000663
cov: 0.047998 0.000663 0.105449
mean: 2.727529 0.554953 0.036515
cov: 0.082533 0.028340 0.001024
cov: 0.028340 0.110977 0.002266
cov: 0.001024 0.002266 0.000168
mean: 3.125637 3.042712 1.134264
cov: 0.016010 -0.001382 0.007282
cov: -0.001382 0.000150 -0.001088
cov: 0.007282 -0.001088 0.011159
mean: 1.016810 0.709202 0.871025
cov: 0.008603 -0.008520 0.003955
cov: -0.008520 0.027165 0.000163
cov: 0.003955 0.000163 0.042275
mean: 0.178160 -2.992414 1.873860
cov: 0.001139 0.000014 0.000506
cov: 0.000014 0.000160 0.000066
cov: 0.000506 0.000066 0.003126
mean: 3.166568 3.044236 1.483837
cov: 0.011563 -0.000790 0.000383
cov: -0.000790 0.000057 -0.000126
cov: 0.000383 -0.000126 0.018114
mean: -0.090705 3.027227 0.335991
cov: 0.009702 -0.000019 -0.002236
cov: -0.000019 0.000272 0.001250
cov: -0.002236 0.001250 0.013758
mean: 3.018716 -3.024257 1.747132
cov: 0.017535 -0.000067 -0.009857
cov: -0.000067 0.000004 0.000241
cov: -0.009857 0.000241 0.023132
mean: -0.752398 -0.005568 0.001690
cov: 0.033133 0.005129 -0.000402
cov: 0.005129 0.077561 0.000933
cov: -0.000402 0.000933 0.000528
mean: -1.030174 -0.745093 1.134652
cov: 0.000034 -0.000035 -0.000099
cov: -0.000035 0.010150 -0.000219
cov: -0.000099 -0.000219 0.029355
mean: -1.032054 -0.594777 0.709475
cov: 0.000020 -0.000202 -0.000215
cov: -0.000202 0.018064 0.005327
cov: -0.000215 0.005327 0.027404
mean: -1.034959 -0.239145 0.511517
cov: 0.000021 -0.000641 -0.000185
cov: -0.000641 0.056260 0.014433
cov: -0.000185 0.014433 0.042074
mean: -1.028470 -0.864906 1.632600
cov: 0.000038 -0.000347 -0.000030
cov: -0.000347 0.041638 0.012343
cov: -0.000030 0.012343 0.023083
mean: -1.026959 -1.018598 1.155701
cov: 0.000061 -0.000129 0.000089
cov: -0.000129 0.010082 -0.014946
cov: 0.000089 -0.014946 0.042976
mean: -1.034405 -0.311247 1.180441
cov: 0.000018 -0.000573 0.000016
cov: -0.000573 0.058753 -0.000005
cov: 0.000016 -0.000005 0.050755
mean: 3.615029 0.843918 1.394171
cov: 0.026691 -0.019035 0.005966
cov: -0.019035 0.022628 0.004127
cov: 0.005966 0.004127 0.012047
mean: 3.294261 1.375942 0.642772
cov: 0.013393 -0.009214 -0.004281
cov: -0.009214 0.008840 0.002659
cov: -0.004281 0.002659 0.070360
mean: 3.814460 0.547306 0.229175
cov: 0.008865 -0.005218 0.003835
cov: -0.005218 0.025224 0.002631
cov: 0.003835 0.002631 0.027885
mean: -0.514814 1.916627 0.038216
cov: 0.084575 -0.048727 0.000951
cov: -0.048727 0.096069 -0.000114
cov: 0.000951 -0.000114 0.000303
mean: -1.057361 2.025579 1.921655
cov: 0.000000 -0.000000 -0.000000
cov: -0.000000 0.000000 0.000000
cov: -0.000000 0.000000 0.000000
mean: 0.578245 0.758894 0.610862
cov: 0.033306 0.005169 0.000508
cov: 0.005169 0.031097 0.000179
cov: 0.000508 0.000179 0.000280
mean: -0.656100 1.342061 0.028350
cov: 0.046099 -0.014500 0.000546
cov: -0.014500 0.053816 0.000207
cov: 0.000546 0.000207 0.000212
mean: 0.390005 0.391248 0.312045
cov: 0.014117 -0.012499 0.002309
cov: -0.012499 0.012880 -0.000187
cov: 0.002309 -0.000187 0.024142
mean: 1.424258 0.139784 0.339775
cov: 0.022962 -0.007278 0.004451
cov: -0.007278 0.003149 0.000277
cov: 0.004451 0.000277 0.026107
mean: 0.248809 1.729145 0.038048
cov: 0.109576 0.011040 -0.000033
cov: 0.011040 0.077986 0.003061
cov: -0.000033 0.003061 0.000309
mean: -1.020843 -1.300540 1.740533
cov: 0.000160 -0.000101 0.000088
cov: -0.000101 0.000690 -0.000125
cov: 0.000088 -0.000125 0.002067
mean: 3.613985 0.913422 0.048608
cov: 0.142465 0.075414 0.001427
cov: 0.075414 0.110311 0.001818
cov: 0.001427 0.001818 0.000085
mean: 1.160416 0.665356 0.174571
cov: 0.007783 0.003018 0.004498
cov: 0.003018 0.035000 -0.001702
cov: 0.004498 -0.001702 0.028295
mean: -1.037965 0.045730 1.799900
cov: 0.000028 -0.000786 0.000105
cov: -0.000786 0.086684 -0.017310
cov: 0.000105 -0.017310 0.024679
mean: 3.826514 0.578706 0.724306
cov: 0.005867 -0.007206 -0.000884
cov: -0.007206 0.020274 -0.000435
cov: -0.000884 -0.000435 0.032710
mean: 1.047236 0.600258 0.976957
cov: 0.007681 -0.012324 0.001825
cov: -0.012324 0.020984 -0.001949
cov: 0.001825 -0.001949 0.021082
mean: 1.129177 0.711657 1.173652
cov: 0.028077 -0.002114 0.003541
cov: -0.002114 0.027338 0.002234
cov: 0.003541 0.002234 0.004170
mean: 0.086701 2.363834 0.043150
cov: 0.108595 -0.007451 0.000786
cov: -0.007451 0.074602 0.000736
cov: 0.000786 0.000736 0.000416
mean: -0.192561 2.981634 0.653354
cov: 0.121774 -0.001012 -0.038953
cov: -0.001012 0.000181 0.000630
cov: -0.038953 0.000630 0.065616
mean: 6.649626 0.314891 0.054709
cov: 0.000000 0.000000 0.000000
cov: 0.000000 0.000000 0.000000
cov: 0.000000 0.000000 0.000000
mean: -0.869955 2.988329 1.108334
cov: 0.023471 0.000043 -0.013439
cov: 0.000043 0.000226 -0.000200
cov: -0.013439 -0.000200 0.053686
mean: -1.043566 0.956896 0.611269
cov: 0.000018 -0.000432 0.000237
cov: -0.000432 0.108094 -0.005056
cov: 0.000237 -0.005056 0.050635
mean: -1.041634 0.429547 0.763355
cov: 0.000055 -0.000151 0.000145
cov: -0.000151 0.020387 -0.014799
cov: 0.000145 -0.014799 0.084365
mean: 6.738826 -0.799530 1.067145
cov: 0.030570 0.003571 0.016412
cov: 0.003571 0.002728 -0.000848
cov: 0.016412 -0.000848 0.030251
mean: 6.469936 -0.925961 1.038041
cov: 0.015535 0.008297 0.004820
cov: 0.008297 0.006731 -0.000146
cov: 0.004820 -0.000146 0.019134
mean: 0.917318 2.084006 0.030870
cov: 0.071235 0.029965 0.002814
cov: 0.029965 0.072536 0.002194
cov: 0.002814 0.002194 0.000225
mean: -1.047979 2.006957 0.356661
cov: 0.000015 0.000149 -0.000339
cov: 0.000149 0.010421 0.003001
cov: -0.000339 0.003001 0.027632
mean: -1.045521 2.477089 1.796162
cov: 0.000007 0.000107 -0.000233
cov: 0.000107 0.030195 -0.012225
cov: -0.000233 -0.012225 0.019222
mean: 6.120563 -1.084063 0.048514
cov: 0.033703 0.002646 0.000706
cov: 0.002646 0.010586 0.000496
cov: 0.000706 0.000496 0.000049
mean: -1.045514 2.549157 0.326028
cov: 0.000004 -0.000185 -0.000118
cov: -0.000185 0.016113 0.000074
cov: -0.000118 0.000074 0.021842
mean: -1.043628 2.377790 1.798444
cov: 0.000004 0.000037 -0.000163
cov: 0.000037 0.037421 -0.006913
cov: -0.000163 -0.006913 0.021722
mean: -1.039215 2.622574 0.835209
cov: 0.000005 -0.000104 0.000034
cov: -0.000104 0.013591 -0.004251
cov: 0.000034 -0.004251 0.024124
mean: 3.546371 0.228175 0.042581
cov: 0.117883 -0.009597 0.002660
cov: -0.009597 0.028553 -0.000036
cov: 0.002660 -0.000036 0.000114
mean: -1.035153 2.620732 1.730298
cov: 0.000004 0.000114 -0.000002
cov: 0.000114 0.009102 0.000517
cov: -0.000002 0.000517 0.021028
mean: -1.037043 2.665220 0.401823
cov: 0.000038 0.000045 0.000192
cov: 0.000045 0.017715 -0.005032
cov: 0.000192 -0.005032 0.017527
mean: -1.038898 2.592832 1.056010
cov: 0.000017 -0.000042 -0.000301
cov: -0.000042 0.007748 0.001276
cov: -0.000301 0.001276 0.040457
mean: 1.338444 0.943678 1.215373
cov: 0.005886 -0.001913 0.000201
cov: -0.001913 0.012419 0.000212
cov: 0.000201 0.000212 0.000014
mean: 1.598918 0.471664 0.608943
cov: 0.013847 0.001544 0.000292
cov: 0.001544 0.008267 -0.000082
cov: 0.000292 -0.000082 0.000153
mean: 1.355722 0.843021 1.206964
cov: 0.022560 -0.004905 0.000240
cov: -0.004905 0.025383 0.000357
cov: 0.000240 0.000357 0.000046
mean: 5.114112 -1.665053 1.036030
cov: 0.013648 0.006903 0.002610
cov: 0.006903 0.005626 -0.002284
cov: 0.002610 -0.002284 0.019200
mean: 5.491967 -1.504485 0.248559
cov: 0.009932 -0.005342 0.008674
cov: -0.005342 0.034888 -0.012794
cov: 0.008674 -0.012794 0.035946
mean: 5.500008 -1.496086 1.011826
cov: 0.010558 0.004018 0.000655
cov: 0.004018 0.010713 -0.010074
cov: 0.000655 -0.010074 0.052451
mean: 5.431249 -1.002340 0.051168
cov: 0.000000 -0.000000 0.000000
cov: -0.000000 0.000000 -0.000000
cov: 0.000000 -0.000000 0.000000
mean: 5.569093 -1.287214 0.182470
cov: 0.006052 -0.003075 0.008680
cov: -0.003075 0.007882 -0.002875
cov: 0.008680 -0.002875 0.019126
mean: 2.003410 2.704935 0.056666
cov: 0.016125 0.008226 -0.000089
cov: 0.008226 0.013137 0.000230
cov: -0.000089 0.000230 0.000009
mean: 3.400398 1.036345 1.169829
cov: 0.023146 -0.021828 -0.007945
cov: -0.021828 0.020840 0.006240
cov: -0.007945 0.006240 0.008981
mean: 3.642325 -1.533220 1.734399
cov: 0.008352 -0.009333 0.005517
cov: -0.009333 0.010725 -0.005082
cov: 0.005517 -0.005082 0.007750
mean: 4.282064 0.114200 0.055071
cov: 0.019922 0.004634 0.001089
cov: 0.004634 0.007396 0.000479
cov: 0.001089 0.000479 0.000068
mean: -0.521967 2.995968 1.837587
cov: 0.003008 -0.000645 0.001543
cov: -0.000645 0.000453 0.000369
cov: 0.001543 0.000369 0.008844
mean: 2.153051 3.005170 1.929169
cov: 0.009012 -0.000194 0.003716
cov: -0.000194 0.000007 0.000054
cov: 0.003716 0.000054 0.007776
mean: 3.384731 -1.831807 0.194663
cov: 0.020394 -0.010485 -0.007635
cov: -0.010485 0.006499 0.009349
cov: -0.007635 0.009349 0.039074
mean: 3.234029 -1.700069 0.724171
cov: 0.009633 -0.006294 0.003252
cov: -0.006294 0.006255 -0.003065
cov: 0.003252 -0.003065 0.012522
mean: 3.901098 0.875304 0.759015
cov: 0.000130 0.000195 -0.001801
cov: 0.000195 0.007629 -0.009682
cov: -0.001801 -0.009682 0.031742
mean: 0.954204 1.236995 0.349268
cov: 0.000021 0.000035 -0.000106
cov: 0.000035 0.015511 -0.004095
cov: -0.000106 -0.004095 0.011079
mean: 6.586135 -3.063922 1.745036
cov: 0.014026 0.000406 -0.011430
cov: 0.000406 0.000016 -0.000502
cov: -0.011430 -0.000502 0.029510
