mean: -1.009058 -1.539579 1.820003
cov: 0.000054 -0.000132 0.000024
cov: -0.000132 0.013264 -0.002880
cov: 0.000024 -0.002880 0.010451
mean: -0.044629 -0.849281 0.169868
cov: 0.006725 -0.000273 0.000021
cov: -0.000273 0.008282 -0.000223
cov: 0.000021 -0.000223 0.000021
mean: 1.641719 -1.882768 0.535175
cov: 0.000235 -0.000268 0.000297
cov: -0.000268 0.004008 0.000273
cov: 0.000297 0.000273 0.034998
mean: -1.012590 -1.183247 0.233661
cov: 0.000153 -0.000107 -0.000001
cov: -0.000107 0.009411 -0.002418
cov: -0.000001 -0.002418 0.009263
mean: -0.880244 -2.874475 1.007659
cov: 0.014136 -0.004571 -0.001982
cov: -0.004571 0.004463 0.000809
cov: -0.001982 0.000809 0.051213
mean: 1.884543 -2.954170 1.102442
cov: 0.031356 -0.000241 0.000370
cov: -0.000241 0.000103 0.000126
cov: 0.000370 0.000126 0.035326
mean: 2.840062 -2.966912 1.861395
cov: 0.045599 -0.000566 0.000544
cov: -0.000566 0.000105 -0.000001
cov: 0.000544 -0.000001 0.014911
mean: -1.012710 -1.211118 1.221207
cov: 0.000101 -0.000142 0.000001
cov: -0.000142 0.010006 0.003223
cov: 0.000001 0.003223 0.010109
mean: -0.358196 -0.582834 0.164777
cov: 0.003303 0.000115 0.000033
cov: 0.000115 0.000880 0.000089
cov: 0.000033 0.000089 0.000127
mean: 0.693157 -2.935182 1.295490
cov: 0.031124 -0.000536 -0.003027
cov: -0.000536 0.000117 0.000080
cov: -0.003027 0.000080 0.030460
mean: 0.548582 -2.933537 0.174654
cov: 0.062626 -0.000673 0.002256
cov: -0.000673 0.000103 -0.000065
cov: 0.002256 -0.000065 0.015851
mean: 2.358535 -2.959824 0.570206
cov: 0.035502 -0.000494 -0.005565
cov: -0.000494 0.000104 -0.000068
cov: -0.005565 -0.000068 0.026009
mean: -1.013503 -0.989205 0.657539
cov: 0.000195 0.000069 0.000056
cov: 0.000069 0.003707 -0.000663
cov: 0.000056 -0.000663 0.009320
mean: -1.001772 -2.179670 1.079164
cov: 0.000021 -0.000389 0.000090
cov: -0.000389 0.035701 -0.008717
cov: 0.000090 -0.008717 0.035574
mean: -0.446496 -2.918828 0.212204
cov: 0.041573 -0.000661 -0.004422
cov: -0.000661 0.000147 0.000046
cov: -0.004422 0.000046 0.023869
mean: 1.878850 -2.953719 0.203274
cov: 0.035341 -0.000551 -0.000808
cov: -0.000551 0.000106 0.000151
cov: -0.000808 0.000151 0.021043
mean: 2.479903 -2.961721 1.440640
cov: 0.037792 -0.000602 0.002615
cov: -0.000602 0.000107 -0.000042
cov: 0.002615 -0.000042 0.028820
mean: -1.008768 -1.543513 1.229420
cov: 0.000049 -0.000169 0.000031
cov: -0.000169 0.015352 -0.002225
cov: 0.000031 -0.002225 0.018639
mean: 1.662341 -1.750459 0.421166
cov: 0.000836 0.001539 -0.000058
cov: 0.001539 0.007317 -0.000030
cov: -0.000058 -0.000030 0.012349
mean: -1.009952 -1.467726 0.281643
cov: 0.000063 -0.000211 -0.000010
cov: -0.000211 0.014612 -0.000867
cov: -0.000010 -0.000867 0.014253
mean: 0.647703 -2.935155 0.850187
cov: 0.027365 -0.000337 -0.000492
cov: -0.000337 0.000107 -0.000019
cov: -0.000492 -0.000019 0.032293
mean: 1.488842 -2.947731 1.395249
cov: 0.029818 -0.000446 0.000971
cov: -0.000446 0.000093 -0.000001
cov: 0.000971 -0.000001 0.037887
mean: 1.300147 -2.944383 0.199454
cov: 0.044042 -0.000450 0.002393
cov: -0.000450 0.000108 -0.000058
cov: 0.002393 -0.000058 0.021152
mean: -0.171912 -0.588972 0.163999
cov: 0.002607 -0.000397 -0.000042
cov: -0.000397 0.001199 0.000054
cov: -0.000042 0.000054 0.000120
mean: 3.774839 -2.982934 1.803216
cov: 0.018885 -0.000213 0.004453
cov: -0.000213 0.000065 -0.000201
cov: 0.004453 -0.000201 0.025849
mean: -0.299446 -0.898317 0.171129
cov: 0.011625 -0.001018 0.000035
cov: -0.001018 0.008939 -0.000247
cov: 0.000035 -0.000247 0.000018
mean: 0.353622 -0.997744 0.173601
cov: 0.006495 -0.001445 0.000029
cov: -0.001445 0.013366 -0.000346
cov: 0.000029 -0.000346 0.000016
mean: -0.979949 -1.196957 0.028846
cov: 0.002864 -0.000188 -0.001615
cov: -0.000188 0.010853 -0.000475
cov: -0.001615 -0.000475 0.003643
mean: 0.691570 -2.935756 1.754085
cov: 0.032150 -0.000304 0.003137
cov: -0.000304 0.000115 -0.000175
cov: 0.003137 -0.000175 0.026926
mean: -1.012107 -1.254054 0.893475
cov: 0.000093 -0.000181 -0.000017
cov: -0.000181 0.012589 -0.002410
cov: -0.000017 -0.002410 0.013558
mean: -0.081258 -0.674888 -0.033862
cov: 0.008776 -0.000049 -0.000110
cov: -0.000049 0.000169 0.000151
cov: -0.000110 0.000151 0.000234
mean: 2.664254 -2.965057 0.735241
cov: 0.019437 -0.000254 -0.000497
cov: -0.000254 0.000101 0.000087
cov: -0.000497 0.000087 0.028908
mean: -0.609511 -0.684226 -0.039777
cov: 0.000948 0.000104 0.000059
cov: 0.000104 0.000132 0.000094
cov: 0.000059 0.000094 0.000158
mean: -1.001699 -2.185039 0.527376
cov: 0.000023 -0.000487 0.000007
cov: -0.000487 0.041158 0.000965
cov: 0.000007 0.000965 0.032658
mean: -0.188394 -2.922765 1.010472
cov: 0.035927 -0.000467 -0.009321
cov: -0.000467 0.000104 0.000253
cov: -0.009321 0.000253 0.040509
mean: -1.010405 -1.411922 0.597216
cov: 0.000063 -0.000154 -0.000071
cov: -0.000154 0.014205 0.002336
cov: -0.000071 0.002336 0.014646
mean: -1.004832 -1.943127 1.831353
cov: 0.000032 -0.000418 -0.000011
cov: -0.000418 0.032887 0.000118
cov: -0.000011 0.000118 0.013032
mean: -1.013938 -1.000741 0.364864
cov: 0.000183 0.000053 0.000002
cov: 0.000053 0.004732 -0.000144
cov: 0.000002 -0.000144 0.007780
mean: -0.029781 -2.925166 1.526943
cov: 0.033163 -0.000485 -0.007020
cov: -0.000485 0.000095 0.000271
cov: -0.007020 0.000271 0.037344
mean: -1.014020 -0.987831 0.900635
cov: 0.000193 0.000058 0.000012
cov: 0.000058 0.003635 0.000373
cov: 0.000012 0.000373 0.007579
mean: 1.056612 -2.941114 0.923279
cov: 0.027634 -0.000560 0.000691
cov: -0.000560 0.000109 0.000193
cov: 0.000691 0.000193 0.028240
mean: -0.525689 -2.916956 0.759220
cov: 0.036297 -0.000860 -0.002105
cov: -0.000860 0.000193 0.000086
cov: -0.002105 0.000086 0.037017
mean: 2.383115 -2.960766 0.184970
cov: 0.038503 -0.000364 -0.002457
cov: -0.000364 0.000094 0.000015
cov: -0.002457 0.000015 0.017396
mean: -0.088172 -1.099185 0.176243
cov: 0.015479 -0.001249 0.000042
cov: -0.001249 0.013089 -0.000335
cov: 0.000042 -0.000335 0.000014
mean: 3.856892 -2.987942 1.775086
cov: 0.003410 0.000105 -0.000450
cov: 0.000105 0.000209 0.001410
cov: -0.000450 0.001410 0.016434
mean: -0.077782 -2.925029 0.379924
cov: 0.030333 -0.000313 -0.004532
cov: -0.000313 0.000110 0.000224
cov: -0.004532 0.000224 0.042711
mean: -0.282739 -0.620834 0.164012
cov: 0.002340 0.000453 -0.000006
cov: 0.000453 0.002779 0.000000
cov: -0.000006 0.000000 0.000092
mean: -1.006242 -1.792026 1.017455
cov: 0.000032 -0.000259 0.000046
cov: -0.000259 0.019399 -0.002543
cov: 0.000046 -0.002543 0.024726
mean: 1.860641 -2.344763 0.008551
cov: 0.019095 0.000009 -0.000024
cov: 0.000009 0.000098 0.000015
cov: -0.000024 0.000015 0.000002
mean: -0.985574 -1.888989 0.110577
cov: 0.001775 0.000213 -0.002208
cov: 0.000213 0.022488 -0.001382
cov: -0.002208 -0.001382 0.012118
mean: 2.717690 -2.965882 1.109570
cov: 0.018166 -0.000314 0.000183
cov: -0.000314 0.000113 0.000044
cov: 0.000183 0.000044 0.034303
mean: 2.333316 -2.959724 1.014102
cov: 0.028951 -0.000247 -0.005133
cov: -0.000247 0.000098 0.000061
cov: -0.005133 0.000061 0.034061
mean: 1.730447 -2.951571 1.830778
cov: 0.041199 -0.000552 0.002533
cov: -0.000552 0.000100 -0.000093
cov: 0.002533 -0.000093 0.016775
mean: 1.659785 -1.762324 0.145036
cov: 0.000919 0.001723 0.000300
cov: 0.001723 0.008848 0.000095
cov: 0.000300 0.000095 0.011663
mean: 0.163586 -0.823724 0.169227
cov: 0.006853 -0.001379 0.000045
cov: -0.001379 0.005918 -0.000169
cov: 0.000045 -0.000169 0.000021
mean: -1.009016 -0.981794 0.099101
cov: 0.000646 0.000137 -0.000656
cov: 0.000137 0.003068 0.000073
cov: -0.000656 0.000073 0.007983
mean: 1.483093 -2.947326 0.818110
cov: 0.032087 -0.000392 -0.000616
cov: -0.000392 0.000103 0.000030
cov: -0.000616 0.000030 0.038259
mean: -0.854552 -2.886457 0.290285
cov: 0.017187 -0.004020 -0.000144
cov: -0.004020 0.001923 0.000255
cov: -0.000144 0.000255 0.036682
mean: -0.998304 -2.489260 1.271553
cov: 0.000010 0.000029 0.000187
cov: 0.000029 0.000084 0.000542
cov: 0.000187 0.000542 0.254248
mean: -0.332291 -0.676169 -0.033160
cov: 0.008922 0.000076 -0.000014
cov: 0.000076 0.000175 0.000157
cov: -0.000014 0.000157 0.000236
mean: -0.361523 -1.128445 0.176994
cov: 0.011658 -0.002577 0.000064
cov: -0.002577 0.013299 -0.000322
cov: 0.000064 -0.000322 0.000013
mean: 0.282768 -2.929457 1.078703
cov: 0.038469 -0.000601 0.003377
cov: -0.000601 0.000104 0.000150
cov: 0.003377 0.000150 0.034276
mean: -1.005224 -1.839458 1.448162
cov: 0.000033 -0.000269 -0.000054
cov: -0.000269 0.024827 0.003779
cov: -0.000054 0.003779 0.025479
mean: 1.661438 -1.757640 0.728050
cov: 0.000822 0.001538 -0.000182
cov: 0.001538 0.007797 -0.000714
cov: -0.000182 -0.000714 0.009651
mean: -0.999446 -2.371665 0.825769
cov: 0.000016 -0.000286 -0.000093
cov: -0.000286 0.029127 0.002615
cov: -0.000093 0.002615 0.052326
mean: 1.199443 -2.943619 1.835053
cov: 0.038386 -0.000434 -0.001437
cov: -0.000434 0.000102 0.000046
cov: -0.001437 0.000046 0.015633
mean: -0.479262 -2.917983 1.779321
cov: 0.040795 -0.001210 -0.000640
cov: -0.001210 0.000230 0.000148
cov: -0.000640 0.000148 0.019970
mean: -0.982225 -1.483769 0.059204
cov: 0.002589 -0.000906 -0.001949
cov: -0.000906 0.021845 0.000245
cov: -0.001949 0.000245 0.006304
mean: -1.008331 -1.582260 0.799068
cov: 0.000046 -0.000223 -0.000047
cov: -0.000223 0.023196 0.003977
cov: -0.000047 0.003977 0.016270
mean: 1.943485 -2.954396 0.622157
cov: 0.035458 -0.000576 0.000423
cov: -0.000576 0.000106 0.000089
cov: 0.000423 0.000089 0.028499
mean: 0.983925 -2.940192 0.502988
cov: 0.036598 -0.000440 0.000506
cov: -0.000440 0.000097 0.000052
cov: 0.000506 0.000052 0.036094
mean: -1.013136 -1.186298 0.513322
cov: 0.000113 -0.000120 -0.000010
cov: -0.000120 0.009072 0.000277
cov: -0.000010 0.000277 0.009827
mean: 2.716368 -2.965967 0.268333
cov: 0.013243 -0.000222 0.002362
cov: -0.000222 0.000094 -0.000002
cov: 0.002362 -0.000002 0.033324
mean: 2.258743 -2.958951 1.818629
cov: 0.038070 -0.000524 -0.002755
cov: -0.000524 0.000101 -0.000007
cov: -0.002755 -0.000007 0.020055
mean: -0.592893 -2.914121 1.384974
cov: 0.035483 -0.001832 0.000808
cov: -0.001832 0.000427 0.000042
cov: 0.000808 0.000042 0.027818
mean: -0.543315 -0.679760 -0.034593
cov: 0.005082 0.000235 0.000116
cov: 0.000235 0.000202 0.000149
cov: 0.000116 0.000149 0.000224
mean: 1.984398 -2.954660 1.527188
cov: 0.032082 -0.000396 0.002299
cov: -0.000396 0.000112 -0.000159
cov: 0.002299 -0.000159 0.031863
mean: -0.445901 -0.701713 0.164864
cov: 0.002547 -0.000579 0.000059
cov: -0.000579 0.007467 -0.000249
cov: 0.000059 -0.000249 0.000056
mean: 0.000481 -0.676517 -0.036774
cov: 0.003044 -0.000115 -0.000119
cov: -0.000115 0.000158 0.000138
cov: -0.000119 0.000138 0.000218
mean: 3.053677 -2.970634 1.521528
cov: 0.048421 -0.000669 0.005884
cov: -0.000669 0.000103 0.000165
cov: 0.005884 0.000165 0.022369
mean: 0.156114 -1.116132 0.176898
cov: 0.015829 -0.002809 0.000092
cov: -0.002809 0.013631 -0.000353
cov: 0.000092 -0.000353 0.000014
mean: 0.232220 -2.929744 1.773641
cov: 0.037193 -0.000562 -0.004359
cov: -0.000562 0.000102 0.000026
cov: -0.004359 0.000026 0.021979
mean: -1.014133 -1.058628 1.086943
cov: 0.000157 -0.000012 0.000005
cov: -0.000012 0.005843 -0.001251
cov: 0.000005 -0.001251 0.008528
mean: -1.006258 -1.794896 0.469113
cov: 0.000033 -0.000263 -0.000017
cov: -0.000263 0.021404 0.001050
cov: -0.000017 0.001050 0.024582
mean: -0.976841 -2.351446 0.150060
cov: 0.002225 -0.000912 -0.003024
cov: -0.000912 0.026800 -0.003483
cov: -0.003024 -0.003483 0.020356
mean: -0.887863 -2.874149 1.715707
cov: 0.013232 -0.004391 0.001220
cov: -0.004391 0.004126 0.000640
cov: 0.001220 0.000640 0.036024
mean: 1.038147 -2.940731 1.546019
cov: 0.028672 -0.000334 0.001695
cov: -0.000334 0.000106 -0.000029
cov: 0.001695 -0.000029 0.026820
mean: -0.031084 -0.672445 0.164594
cov: 0.003652 -0.000892 0.000027
cov: -0.000892 0.002687 -0.000093
cov: 0.000027 -0.000093 0.000057
mean: -1.010059 -1.462680 1.603221
cov: 0.000058 -0.000175 -0.000011
cov: -0.000175 0.014150 0.001341
cov: -0.000011 0.001341 0.011852
mean: 3.491419 -2.976721 1.799702
cov: 0.047248 -0.000741 -0.004598
cov: -0.000741 0.000114 0.000141
cov: -0.004598 0.000141 0.024774
mean: -1.000807 -2.288777 1.606514
cov: 0.000019 -0.000356 0.000028
cov: -0.000356 0.033884 -0.008149
cov: 0.000028 -0.008149 0.045679
mean: 0.332980 -2.930893 0.567339
cov: 0.035620 -0.000418 0.000171
cov: -0.000418 0.000101 0.000094
cov: 0.000171 0.000094 0.036677
mean: -0.219442 -0.755100 0.167023
cov: 0.006901 0.000414 0.000009
cov: 0.000414 0.004889 -0.000145
cov: 0.000009 -0.000145 0.000031
mean: -0.914516 -0.940506 -0.021152
cov: 0.003346 0.001379 -0.000592
cov: 0.001379 0.006864 -0.000344
cov: -0.000592 -0.000344 0.000505
mean: -1.011508 -1.292666 1.425847
cov: 0.000076 -0.000128 0.000030
cov: -0.000128 0.009615 -0.000863
cov: 0.000030 -0.000863 0.010380
mean: 1.131760 -2.941322 1.209728
cov: 0.032313 -0.000506 0.002800
cov: -0.000506 0.000096 -0.000062
cov: 0.002800 -0.000062 0.027414
mean: 3.862954 -2.983937 1.692803
cov: 0.002783 0.000273 -0.001155
cov: 0.000273 0.000085 -0.000590
cov: -0.001155 -0.000590 0.004375
mean: 3.858372 -2.981064 1.951839
cov: 0.003661 0.000068 -0.001858
cov: 0.000068 0.000001 -0.000051
cov: -0.001858 -0.000051 0.003822
mean: -0.944036 -2.863554 0.361105
cov: 0.002541 -0.001938 0.000023
cov: -0.001938 0.001822 0.000170
cov: 0.000023 0.000170 0.043650
mean: 1.670380 -1.665631 0.019166
cov: 0.001406 0.000067 0.000459
cov: 0.000067 0.000458 -0.000488
cov: 0.000459 -0.000488 0.000728
