mean: 1.064473 -1.289777 1.401229
cov: 0.027533 -0.000370 -0.002454
cov: -0.000370 0.000573 0.000743
cov: -0.002454 0.000743 0.012754
mean: 0.797167 0.294057 -0.756998
cov: 0.062663 -0.008685 0.000181
cov: -0.008685 0.016685 -0.000142
cov: 0.000181 -0.000142 0.000114
mean: 1.273572 2.049879 1.080167
cov: 0.003155 0.003091 -0.001650
cov: 0.003091 0.050129 0.002128
cov: -0.001650 0.002128 0.023171
mean: 1.116751 -1.258664 0.025035
cov: 0.041750 0.004072 -0.002444
cov: 0.004072 0.005114 -0.003108
cov: -0.002444 -0.003108 0.014351
mean: 0.147072 0.135788 -0.027467
cov: 0.022269 -0.005457 -0.000192
cov: -0.005457 0.026940 -0.000914
cov: -0.000192 -0.000914 0.000222
mean: 3.207324 -1.202447 1.140107
cov: 0.076181 0.002834 -0.006292
cov: 0.002834 0.002290 -0.002678
cov: -0.006292 -0.002678 0.100890
mean: 1.665096 2.516609 0.462695
cov: 0.048926 0.003318 -0.000853
cov: 0.003318 0.001249 -0.000826
cov: -0.000853 -0.000826 0.032833
mean: 0.634880 -0.487696 -0.763403
cov: 0.011370 -0.002297 0.000160
cov: -0.002297 0.007517 -0.000060
cov: 0.000160 -0.000060 0.000169
mean: 1.350462 1.699643 -0.745604
cov: 0.050619 0.007089 -0.000031
cov: 0.007089 0.052241 0.000427
cov: -0.000031 0.000427 0.000334
mean: 0.618176 0.722838 -0.764194
cov: 0.005254 0.000787 0.000038
cov: 0.000787 0.006625 0.000025
cov: 0.000038 0.000025 0.000185
mean: 1.216442 -1.280868 0.941442
cov: 0.020323 -0.000240 0.000815
cov: -0.000240 0.000337 -0.000366
cov: 0.000815 -0.000366 0.028496
mean: 1.064070 0.972647 0.028089
cov: 0.000182 -0.000167 -0.000175
cov: -0.000167 0.026303 0.002769
cov: -0.000175 0.002769 0.017532
mean: 0.773736 -0.980143 -0.761391
cov: 0.010846 -0.001133 0.000417
cov: -0.001133 0.008616 -0.000012
cov: 0.000417 -0.000012 0.000126
mean: 0.561488 0.333555 -0.764376
cov: 0.005710 0.002299 -0.000078
cov: 0.002299 0.012676 -0.000119
cov: -0.000078 -0.000119 0.000189
mean: 1.988394 -1.259530 1.364849
cov: 0.063696 -0.000112 0.001553
cov: -0.000112 0.000190 0.000412
cov: 0.001553 0.000412 0.023483
mean: 1.304468 -0.428453 -0.042853
cov: 0.025670 -0.003357 0.001070
cov: -0.003357 0.105554 -0.000044
cov: 0.001070 -0.000044 0.002491
mean: 1.502992 -0.167247 -0.741700
cov: 0.067292 -0.022245 0.001385
cov: -0.022245 0.089948 -0.000584
cov: 0.001385 -0.000584 0.000394
mean: 0.841297 -1.170582 -0.658672
cov: 0.047702 -0.002233 -0.004313
cov: -0.002233 0.022590 -0.002171
cov: -0.004313 -0.002171 0.013768
mean: 0.918116 -1.294706 0.183440
cov: 0.015496 -0.000427 0.002431
cov: -0.000427 0.001042 -0.000139
cov: 0.002431 -0.000139 0.043613
mean: 3.125800 -1.190261 0.381633
cov: 0.017069 0.003099 0.006455
cov: 0.003099 0.002873 0.002939
cov: 0.006455 0.002939 0.141373
mean: 2.109570 2.532819 0.980587
cov: 0.028565 0.002677 0.010926
cov: 0.002677 0.005051 -0.002679
cov: 0.010926 -0.002679 0.083614
mean: 0.546160 -0.618015 -0.765246
cov: 0.002663 0.000376 -0.000060
cov: 0.000376 0.010995 0.000062
cov: -0.000060 0.000062 0.000198
mean: 1.612871 -1.264257 0.629481
cov: 0.035911 0.000726 0.000313
cov: 0.000726 0.000188 0.000537
cov: 0.000313 0.000537 0.037805
mean: 2.269219 -1.251847 0.449323
cov: 0.073544 0.000736 -0.030153
cov: 0.000736 0.000105 -0.000317
cov: -0.030153 -0.000317 0.065849
mean: 1.268404 1.587688 1.402082
cov: 0.002181 -0.001875 0.000725
cov: -0.001875 0.007634 0.000565
cov: 0.000725 0.000565 0.027343
mean: 1.410982 -1.275469 1.350374
cov: 0.028669 0.000062 -0.001440
cov: 0.000062 0.000203 0.000108
cov: -0.001440 0.000108 0.018225
mean: 1.244517 2.014245 1.444090
cov: 0.000329 0.000366 -0.000167
cov: 0.000366 0.068289 -0.006304
cov: -0.000167 -0.006304 0.023185
mean: 0.539489 0.623938 -0.752132
cov: 0.007791 -0.003862 -0.000899
cov: -0.003862 0.017956 0.001770
cov: -0.000899 0.001770 0.001275
mean: 1.097713 0.669570 0.119431
cov: 0.008951 -0.002947 -0.000977
cov: -0.002947 0.022178 0.004820
cov: -0.000977 0.004820 0.032396
mean: 0.839678 -0.109708 -0.758960
cov: 0.010710 -0.004467 0.000278
cov: -0.004467 0.025894 -0.000076
cov: 0.000278 -0.000076 0.000111
mean: 2.657838 -1.246344 1.189946
cov: 0.151849 0.001041 -0.014551
cov: 0.001041 0.000172 -0.000665
cov: -0.014551 -0.000665 0.061351
mean: 1.687855 2.153584 -0.737425
cov: 0.056321 -0.000458 0.000566
cov: -0.000458 0.045046 0.001271
cov: 0.000566 0.001271 0.000624
mean: 0.786774 -0.717969 -0.760150
cov: 0.012951 0.000728 0.000316
cov: 0.000728 0.014555 0.000087
cov: 0.000316 0.000087 0.000108
mean: 1.431129 -0.684514 -0.723917
cov: 0.074844 0.006263 0.002323
cov: 0.006263 0.052736 0.000728
cov: 0.002323 0.000728 0.002940
mean: 1.067306 0.952952 -0.492187
cov: 0.000942 0.000323 0.001215
cov: 0.000323 0.026659 -0.003399
cov: 0.001215 -0.003399 0.022394
mean: 1.863969 -1.259029 0.128736
cov: 0.082279 0.001288 -0.016178
cov: 0.001288 0.000149 -0.000131
cov: -0.016178 -0.000131 0.023059
mean: 1.288973 -1.279488 0.394662
cov: 0.025465 0.000123 0.000614
cov: 0.000123 0.000359 -0.000448
cov: 0.000614 -0.000448 0.032494
mean: 1.463665 0.556253 0.595596
cov: 0.023429 0.000395 -0.001155
cov: 0.000395 0.000480 0.001488
cov: -0.001155 0.001488 0.062902
mean: 1.718825 2.517653 -0.048188
cov: 0.058265 0.002324 0.000751
cov: 0.002324 0.001636 0.003163
cov: 0.000751 0.003163 0.045708
mean: 0.756981 0.900066 -0.761843
cov: 0.011391 0.004874 0.000346
cov: 0.004874 0.013630 0.000129
cov: 0.000346 0.000129 0.000140
mean: 1.102557 -0.961579 -0.526194
cov: 0.008341 0.006267 0.001791
cov: 0.006267 0.030274 -0.007170
cov: 0.001791 -0.007170 0.030082
mean: 0.600477 -0.799248 -0.764414
cov: 0.004979 -0.001613 0.000026
cov: -0.001613 0.006486 0.000069
cov: 0.000026 0.000069 0.000162
mean: 0.570381 -0.073932 -0.764155
cov: 0.012679 0.000162 -0.000196
cov: 0.000162 0.015371 0.000057
cov: -0.000196 0.000057 0.000207
mean: 1.069240 1.032572 0.885547
cov: 0.000449 0.000228 -0.000289
cov: 0.000228 0.015521 -0.001998
cov: -0.000289 -0.001998 0.010664
mean: 0.849255 -1.289323 0.495052
cov: 0.052744 0.002157 0.008645
cov: 0.002157 0.000405 0.000105
cov: 0.008645 0.000105 0.041384
mean: 1.287134 1.654834 1.063763
cov: 0.004793 0.000712 -0.001283
cov: 0.000712 0.020340 -0.000074
cov: -0.001283 -0.000074 0.013606
mean: 0.532398 -0.282140 -0.762682
cov: 0.034211 0.006313 -0.000935
cov: 0.006313 0.007154 -0.000295
cov: -0.000935 -0.000295 0.000201
mean: 0.910039 -1.286576 0.843757
cov: 0.009371 0.000205 0.000259
cov: 0.000205 0.000260 0.000074
cov: 0.000259 0.000074 0.018087
mean: 2.859053 -1.229395 0.274904
cov: 0.253527 0.008063 -0.089444
cov: 0.008063 0.002908 -0.005173
cov: -0.089444 -0.005173 0.110077
mean: 0.848415 -1.276864 -0.416413
cov: 0.048574 0.004382 -0.005296
cov: 0.004382 0.001469 -0.000886
cov: -0.005296 -0.000886 0.022782
mean: 2.158383 -1.265156 0.899834
cov: 0.063744 0.000923 -0.015342
cov: 0.000923 0.000654 0.001535
cov: -0.015342 0.001535 0.042698
mean: 1.104870 0.494157 -0.510761
cov: 0.090962 -0.054899 0.014283
cov: -0.054899 0.082382 -0.016219
cov: 0.014283 -0.016219 0.034799
mean: 0.831915 0.665609 -0.757545
cov: 0.010820 -0.002554 0.000402
cov: -0.002554 0.037002 0.000448
cov: 0.000402 0.000448 0.000196
mean: 1.567152 -1.266402 1.027095
cov: 0.033983 0.000641 -0.004975
cov: 0.000641 0.000184 0.000432
cov: -0.004975 0.000432 0.032617
mean: 0.870714 -1.288483 1.313567
cov: 0.055129 0.002407 -0.004687
cov: 0.002407 0.000331 -0.000153
cov: -0.004687 -0.000153 0.018099
mean: 1.659996 2.492977 0.987304
cov: 0.046061 0.004275 0.011854
cov: 0.004275 0.005411 -0.004181
cov: 0.011854 -0.004181 0.056770
mean: 1.309895 0.101370 -0.077265
cov: 0.031674 -0.014290 0.001042
cov: -0.014290 0.063200 -0.000302
cov: 0.001042 -0.000302 0.000455
mean: 1.344785 -0.778331 -0.286705
cov: 0.044951 -0.002396 0.003400
cov: -0.002396 0.077283 -0.032162
cov: 0.003400 -0.032162 0.034830
mean: 1.919730 2.415442 -0.576590
cov: 0.033177 -0.006572 0.006280
cov: -0.006572 0.031021 -0.002386
cov: 0.006280 -0.002386 0.028070
mean: 0.402056 0.573261 -0.037607
cov: 0.023083 -0.003422 -0.002863
cov: -0.003422 0.028543 -0.003676
cov: -0.002863 -0.003676 0.004812
mean: 0.209673 -0.409860 -0.007198
cov: 0.070587 0.020280 -0.002340
cov: 0.020280 0.082294 0.000138
cov: -0.002340 0.000138 0.000577
mean: 0.076991 0.486678 -0.014722
cov: 0.055810 -0.002498 -0.001446
cov: -0.002498 0.036386 -0.001219
cov: -0.001446 -0.001219 0.001175
mean: 0.394781 1.937088 -0.741366
cov: 0.097034 -0.006804 -0.000857
cov: -0.006804 0.070422 -0.000746
cov: -0.000857 -0.000746 0.000412
mean: 0.779626 3.272187 1.337614
cov: 0.029061 0.000676 0.000611
cov: 0.000676 0.000314 0.000486
cov: 0.000611 0.000486 0.041992
mean: 1.214380 2.470747 -0.675964
cov: 0.077440 0.018888 0.008733
cov: 0.018888 0.064929 0.003975
cov: 0.008733 0.003975 0.013147
mean: 1.775231 4.728317 0.288308
cov: 0.132437 0.003522 0.027445
cov: 0.003522 0.000124 0.000682
cov: 0.027445 0.000682 0.056296
mean: 0.783864 3.290762 -0.638918
cov: 0.080186 0.001173 -0.002425
cov: 0.001173 0.037796 0.001996
cov: -0.002425 0.001996 0.014675
mean: 0.249202 3.270246 1.338488
cov: 0.017689 0.000022 0.001477
cov: 0.000022 0.000774 -0.000611
cov: 0.001477 -0.000611 0.029410
mean: 1.611003 4.591144 -0.586590
cov: 0.143205 -0.001888 0.004971
cov: -0.001888 0.020663 0.009160
cov: 0.004971 0.009160 0.027257
mean: 0.500641 3.267953 0.052970
cov: 0.044922 0.000845 -0.003696
cov: 0.000845 0.000505 0.001012
cov: -0.003696 0.001012 0.077879
mean: 0.044844 1.114501 0.438617
cov: 0.011573 -0.000333 -0.001307
cov: -0.000333 0.014864 0.004603
cov: -0.001307 0.004603 0.019105
mean: 0.270695 2.940108 -0.207261
cov: 0.012367 0.006344 -0.006726
cov: 0.006344 0.101630 -0.000477
cov: -0.006726 -0.000477 0.034712
mean: 0.665816 3.269979 0.686142
cov: 0.049195 0.000161 0.000404
cov: 0.000161 0.000409 0.000051
cov: 0.000404 0.000051 0.038684
mean: 0.395905 3.269598 1.453411
cov: 0.038101 -0.000913 0.002415
cov: -0.000913 0.000635 0.000739
cov: 0.002415 0.000739 0.031407
mean: 0.822283 3.275124 -0.074564
cov: 0.013149 0.000090 -0.000639
cov: 0.000090 0.000389 0.000132
cov: -0.000639 0.000132 0.057698
mean: 0.237975 3.263620 0.855043
cov: 0.017882 -0.000638 0.008547
cov: -0.000638 0.000803 -0.000070
cov: 0.008547 -0.000070 0.045439
mean: 0.932549 2.459520 -0.749898
cov: 0.041443 0.026511 0.001058
cov: 0.026511 0.142833 0.004243
cov: 0.001058 0.004243 0.000237
mean: 0.394414 2.960815 -0.721148
cov: 0.091182 -0.081659 -0.001873
cov: -0.081659 0.224175 0.005805
cov: -0.001873 0.005805 0.001568
mean: 6.654038 0.662567 1.461681
cov: 0.007873 -0.011452 -0.001002
cov: -0.011452 0.129556 0.025730
cov: -0.001002 0.025730 0.033590
mean: -0.928021 3.517461 1.307605
cov: 0.000096 -0.002893 0.000183
cov: -0.002893 0.218629 -0.045074
cov: 0.000183 -0.045074 0.059854
mean: -0.170927 1.874257 -0.741992
cov: 0.047960 -0.008028 -0.001326
cov: -0.008028 0.131235 -0.001689
cov: -0.001326 -0.001689 0.000612
mean: 0.064506 1.070307 0.210849
cov: 0.007944 0.005288 0.000574
cov: 0.005288 0.027284 -0.008712
cov: 0.000574 -0.008712 0.043174
mean: 6.656496 0.848644 0.825824
cov: 0.005090 -0.003940 -0.000394
cov: -0.003940 0.033524 0.014984
cov: -0.000394 0.014984 0.099412
mean: -0.920789 3.600818 0.420522
cov: 0.000119 -0.000717 -0.001432
cov: -0.000717 0.160515 -0.035907
cov: -0.001432 -0.035907 0.145189
mean: -0.943971 4.057613 1.098236
cov: 0.000023 -0.000549 0.000348
cov: -0.000549 0.022873 -0.007737
cov: 0.000348 -0.007737 0.044701
mean: -0.875376 3.978825 -0.585680
cov: 0.007261 -0.000167 -0.005398
cov: -0.000167 0.068588 -0.001220
cov: -0.005398 -0.001220 0.023414
mean: 6.678800 0.350937 0.765177
cov: 0.000257 -0.000215 -0.000057
cov: -0.000215 0.058935 0.015926
cov: -0.000057 0.015926 0.120152
mean: 6.652557 0.116941 1.626007
cov: 0.001227 0.001898 -0.001232
cov: 0.001898 0.012083 -0.000061
cov: -0.001232 -0.000061 0.005753
mean: 6.679903 -0.298503 0.944611
cov: 0.000727 -0.001690 0.000982
cov: -0.001690 0.083061 -0.017878
cov: 0.000982 -0.017878 0.115055
mean: -0.105595 4.706731 1.521830
cov: 0.004459 0.000300 -0.001728
cov: 0.000300 0.000065 0.000395
cov: -0.001728 0.000395 0.006425
mean: 6.677967 0.552418 0.121820
cov: 0.000537 -0.000803 0.000469
cov: -0.000803 0.084054 0.003681
cov: 0.000469 0.003681 0.034861
mean: 0.241298 2.326185 -0.428612
cov: 0.016662 0.002135 -0.002464
cov: 0.002135 0.015438 0.009810
cov: -0.002464 0.009810 0.038441
mean: -0.701628 4.637474 0.262509
cov: 0.029579 0.005864 0.005541
cov: 0.005864 0.010836 -0.004880
cov: 0.005541 -0.004880 0.071234
mean: -0.410873 4.636293 -0.429560
cov: 0.162774 -0.000858 -0.011973
cov: -0.000858 0.007484 0.006721
cov: -0.011973 0.006721 0.051327
mean: 1.875907 2.458325 0.544509
cov: 0.057845 0.001380 0.027702
cov: 0.001380 0.000371 -0.000491
cov: 0.027702 -0.000491 0.203930
mean: -0.532568 4.663329 1.133202
cov: 0.038033 0.005052 -0.010204
cov: 0.005052 0.003912 -0.000463
cov: -0.010204 -0.000463 0.055588
mean: -0.921044 4.398028 0.325136
cov: 0.001383 0.002772 0.000983
cov: 0.002772 0.040925 -0.007455
cov: 0.000983 -0.007455 0.097481
mean: 3.976028 3.066611 0.806878
cov: 0.000346 0.000832 -0.000685
cov: 0.000832 0.097719 0.033611
cov: -0.000685 0.033611 0.187334
mean: 1.370828 4.712503 0.985734
cov: 0.142731 -0.000575 0.002405
cov: -0.000575 0.000222 -0.001348
cov: 0.002405 -0.001348 0.091107
mean: -0.928456 3.701179 -0.216948
cov: 0.000031 -0.000464 0.000623
cov: -0.000464 0.029548 -0.014494
cov: 0.000623 -0.014494 0.022290
mean: 1.606474 4.694779 0.648370
cov: 0.064141 0.001499 0.005590
cov: 0.001499 0.000390 -0.000764
cov: 0.005590 -0.000764 0.108716
mean: 1.554312 4.696582 -0.145337
cov: 0.070010 0.000569 0.013649
cov: 0.000569 0.000396 0.000519
cov: 0.013649 0.000519 0.070608
mean: 3.994948 2.754046 1.407501
cov: 0.001239 0.000645 -0.000796
cov: 0.000645 0.097234 0.005718
cov: -0.000796 0.005718 0.041274
mean: 1.891780 4.720583 1.142783
cov: 0.148348 0.002643 -0.021137
cov: 0.002643 0.000325 -0.000619
cov: -0.021137 -0.000619 0.061425
mean: 0.365761 2.760441 -0.579537
cov: 0.010974 0.003753 0.002032
cov: 0.003753 0.084653 0.020440
cov: 0.002032 0.020440 0.050685
mean: 4.045700 2.433690 1.144591
cov: 0.011947 -0.003933 0.002458
cov: -0.003933 0.036001 0.003797
cov: 0.002458 0.003797 0.153252
mean: 2.064698 1.773245 -0.648314
cov: 0.025580 -0.004822 0.004259
cov: -0.004822 0.076935 -0.002001
cov: 0.004259 -0.002001 0.019172
mean: 4.710442 2.183795 1.248251
cov: 0.034458 -0.020786 -0.021527
cov: -0.020786 0.043971 0.000057
cov: -0.021527 0.000057 0.093051
mean: 3.080837 1.690555 0.277966
cov: 0.010739 0.006965 0.002939
cov: 0.006965 0.031213 -0.003767
cov: 0.002939 -0.003767 0.044571
mean: 3.382380 1.342419 -0.738435
cov: 0.258887 0.003727 0.003171
cov: 0.003727 0.040636 0.000045
cov: 0.003171 0.000045 0.000315
mean: -0.919813 4.069236 1.065377
cov: 0.000102 -0.000819 -0.000279
cov: -0.000819 0.059145 0.028355
cov: -0.000279 0.028355 0.112702
mean: 4.791802 1.619069 1.283882
cov: 0.000709 -0.000607 -0.000264
cov: -0.000607 0.055882 0.016309
cov: -0.000264 0.016309 0.093691
mean: 6.648107 1.484010 1.312403
cov: 0.002078 -0.001864 0.000051
cov: -0.001864 0.147446 -0.017786
cov: 0.000051 -0.017786 0.042794
mean: 1.370075 4.013290 -0.725276
cov: 0.057965 -0.013918 -0.000021
cov: -0.013918 0.092395 0.001582
cov: -0.000021 0.001582 0.000335
mean: 1.507631 4.712148 1.410065
cov: 0.076265 0.001836 0.008384
cov: 0.001836 0.000308 0.000415
cov: 0.008384 0.000415 0.014339
mean: 0.877894 3.300163 1.374817
cov: 0.013317 0.002012 0.002630
cov: 0.002012 0.001401 0.000615
cov: 0.002630 0.000615 0.021843
mean: 0.890872 3.289321 0.303812
cov: 0.012018 0.000783 0.000801
cov: 0.000783 0.000762 0.000019
cov: 0.000801 0.000019 0.017475
mean: 1.241007 2.992049 -0.711221
cov: 0.051076 -0.020190 0.003649
cov: -0.020190 0.049407 -0.000415
cov: 0.003649 -0.000415 0.007759
mean: 1.668522 1.224603 0.616402
cov: 0.026623 -0.000316 0.011625
cov: -0.000316 0.001365 0.000764
cov: 0.011625 0.000764 0.046848
mean: 2.029979 1.203500 -0.724859
cov: 0.059551 -0.016355 0.002674
cov: -0.016355 0.088612 -0.007310
cov: 0.002674 -0.007310 0.005271
mean: 0.876377 3.284182 -0.302334
cov: 0.014663 0.000643 0.002525
cov: 0.000643 0.000887 0.001169
cov: 0.002525 0.001169 0.037759
mean: 0.891482 3.294352 0.739486
cov: 0.008063 -0.000020 -0.002871
cov: -0.000020 0.000534 0.000046
cov: -0.002871 0.000046 0.023597
mean: 1.413050 1.232367 -0.089632
cov: 0.007322 -0.000080 -0.003883
cov: -0.000080 0.001022 0.001699
cov: -0.003883 0.001699 0.047958
mean: 5.445423 -0.116360 0.336866
cov: 0.009446 -0.000237 0.002295
cov: -0.000237 0.011868 -0.005426
cov: 0.002295 -0.005426 0.028075
mean: 1.525956 1.248129 -0.497346
cov: 0.037233 0.001484 0.006494
cov: 0.001484 0.003817 -0.000681
cov: 0.006494 -0.000681 0.017376
mean: 0.593064 -1.255647 0.816020
cov: 0.083254 0.001183 0.025729
cov: 0.001183 0.000351 -0.000619
cov: 0.025729 -0.000619 0.111279
mean: -0.694950 -1.149548 1.393541
cov: 0.022247 -0.010420 0.000313
cov: -0.010420 0.026596 0.001457
cov: 0.000313 0.001457 0.019058
mean: -0.732864 -0.991967 0.265352
cov: 0.014674 -0.001570 -0.005949
cov: -0.001570 0.090501 -0.000883
cov: -0.005949 -0.000883 0.132852
mean: 0.062874 -1.264395 1.302045
cov: 0.088060 0.002583 -0.001395
cov: 0.002583 0.001093 -0.001267
cov: -0.001395 -0.001267 0.035949
mean: -0.240471 -1.264246 0.315673
cov: 0.080880 -0.004060 0.009949
cov: -0.004060 0.007235 0.000630
cov: 0.009949 0.000630 0.101961
mean: 1.293021 -1.218926 1.201947
cov: 0.054840 0.000111 0.049533
cov: 0.000111 0.000084 0.000583
cov: 0.049533 0.000583 0.111197
mean: 0.620591 -1.192153 -0.015353
cov: 0.105272 -0.001061 -0.004619
cov: -0.001061 0.019465 -0.003502
cov: -0.004619 -0.003502 0.040725
mean: 1.133781 -1.248513 0.509632
cov: 0.053822 0.000560 -0.002895
cov: 0.000560 0.000243 0.001677
cov: -0.002895 0.001677 0.069483
mean: 0.391620 -0.447266 -0.738218
cov: 0.132322 -0.035340 -0.001534
cov: -0.035340 0.115245 -0.000021
cov: -0.001534 -0.000021 0.000238
mean: -0.652383 -1.192851 0.868738
cov: 0.038683 -0.010055 -0.001984
cov: -0.010055 0.017879 0.004646
cov: -0.001984 0.004646 0.111318
mean: -0.840810 -0.768990 0.170575
cov: 0.000237 -0.001695 0.001248
cov: -0.001695 0.026464 -0.012118
cov: 0.001248 -0.012118 0.013457
mean: -0.719322 0.297880 -0.507273
cov: 0.016015 -0.003081 -0.009127
cov: -0.003081 0.165503 0.021422
cov: -0.009127 0.021422 0.102791
mean: -0.867724 0.384354 0.238391
cov: 0.000038 -0.001729 0.000140
cov: -0.001729 0.187067 -0.015099
cov: 0.000140 -0.015099 0.035385
mean: -0.839508 -0.797472 0.923216
cov: 0.000202 -0.001170 -0.000338
cov: -0.001170 0.021293 -0.000834
cov: -0.000338 -0.000834 0.085087
mean: -0.852623 -0.195797 0.957689
cov: 0.000150 -0.000894 -0.000554
cov: -0.000894 0.036072 0.010461
cov: -0.000554 0.010461 0.042187
mean: -0.831350 -0.321165 -0.205025
cov: 0.002653 -0.000525 -0.005059
cov: -0.000525 0.007882 0.004626
cov: -0.005059 0.004626 0.085369
mean: -0.862974 0.547951 1.063257
cov: 0.000126 -0.001618 -0.001534
cov: -0.001618 0.076225 0.051358
cov: -0.001534 0.051358 0.093335
mean: -0.800838 0.157935 0.702964
cov: 0.000199 -0.000228 0.000560
cov: -0.000228 0.060269 -0.007352
cov: 0.000560 -0.007352 0.048909
mean: -0.800227 0.222557 -0.027668
cov: 0.000203 -0.001369 -0.000254
cov: -0.001369 0.088153 0.001595
cov: -0.000254 0.001595 0.027751
mean: -0.800519 0.007652 1.378641
cov: 0.000295 0.001204 -0.000139
cov: 0.001204 0.108001 0.001409
cov: -0.000139 0.001409 0.021818
mean: -0.786099 -0.546849 0.842979
cov: 0.000170 0.000320 -0.000070
cov: 0.000320 0.109282 -0.028187
cov: -0.000070 -0.028187 0.120866
mean: -0.811857 0.806104 0.678525
cov: 0.000411 -0.001626 0.000157
cov: -0.001626 0.051192 -0.006576
cov: 0.000157 -0.006576 0.034888
mean: -0.810574 0.616345 1.257096
cov: 0.000413 -0.001359 -0.000040
cov: -0.001359 0.057548 0.020220
cov: -0.000040 0.020220 0.036941
mean: -0.172919 0.736633 -0.710071
cov: 0.074161 0.023137 -0.003428
cov: 0.023137 0.058328 0.003610
cov: -0.003428 0.003610 0.007088
mean: -0.808237 0.763115 -0.189750
cov: 0.002896 -0.000111 -0.005437
cov: -0.000111 0.071279 -0.015325
cov: -0.005437 -0.015325 0.071447
mean: -0.830173 1.130442 1.195001
cov: 0.001501 -0.003624 -0.005183
cov: -0.003624 0.031505 0.018541
cov: -0.005183 0.018541 0.038893
mean: 2.279999 -1.267860 -0.150034
cov: 0.062125 0.001883 -0.006155
cov: 0.001883 0.000835 -0.001106
cov: -0.006155 -0.001106 0.035840
mean: 5.775642 -1.246280 1.021098
cov: 0.163806 0.001053 -0.070850
cov: 0.001053 0.001089 0.000352
cov: -0.070850 0.000352 0.239542
mean: 4.152804 -1.220725 1.305041
cov: 0.112516 0.001262 0.001015
cov: 0.001262 0.002916 -0.003564
cov: 0.001015 -0.003564 0.028153
mean: 5.209374 -1.219523 1.247790
cov: 0.060204 -0.001943 0.004125
cov: -0.001943 0.001955 -0.003276
cov: 0.004125 -0.003276 0.041967
mean: 1.227874 0.737960 1.029924
cov: 0.010463 -0.000931 0.000513
cov: -0.000931 0.007915 -0.000089
cov: 0.000513 -0.000089 0.000193
mean: 1.529783 0.841818 1.035687
cov: 0.014693 -0.007126 0.000080
cov: -0.007126 0.015355 0.000156
cov: 0.000080 0.000156 0.000043
mean: 7.400648 2.461255 -0.710117
cov: 0.183609 -0.024366 0.003141
cov: -0.024366 0.199332 -0.000208
cov: 0.003141 -0.000208 0.000537
mean: 6.692612 2.286558 0.515805
cov: 0.004709 -0.003807 -0.000995
cov: -0.003807 0.014055 0.003239
cov: -0.000995 0.003239 0.056812
mean: 1.101152 1.042074 1.012772
cov: 0.002250 0.000388 0.000532
cov: 0.000388 0.007751 0.000101
cov: 0.000532 0.000101 0.000866
mean: 6.653629 2.593473 0.592253
cov: 0.000463 0.000625 -0.000079
cov: 0.000625 0.034774 0.000171
cov: -0.000079 0.000171 0.176309
mean: 3.021281 2.512841 -0.718742
cov: 0.091016 0.000416 0.001477
cov: 0.000416 0.105433 0.004284
cov: 0.001477 0.004284 0.001553
mean: 3.613349 2.947608 -0.711337
cov: 0.090799 -0.032759 -0.000327
cov: -0.032759 0.114129 -0.000833
cov: -0.000327 -0.000833 0.000560
mean: 2.883733 2.852711 -0.718468
cov: 0.067630 0.034660 0.000570
cov: 0.034660 0.136726 0.001015
cov: 0.000570 0.001015 0.000422
mean: 4.134526 2.455564 -0.695060
cov: 0.073819 -0.015783 0.000381
cov: -0.015783 0.147292 0.001917
cov: 0.000381 0.001917 0.003444
mean: 3.375226 2.185671 -0.718880
cov: 0.104763 0.023622 0.000662
cov: 0.023622 0.084046 0.001174
cov: 0.000662 0.001174 0.000462
mean: 6.597907 -1.249924 -0.233232
cov: 0.060762 0.002146 -0.002740
cov: 0.002146 0.002561 -0.004108
cov: -0.002740 -0.004108 0.109436
mean: 6.347296 -1.270139 1.287777
cov: 0.064845 0.001104 -0.001037
cov: 0.001104 0.000330 0.000078
cov: -0.001037 0.000078 0.035906
mean: 6.375868 -1.269922 0.696700
cov: 0.082139 0.001045 -0.017684
cov: 0.001045 0.000361 -0.000358
cov: -0.017684 -0.000358 0.044649
mean: 3.997020 2.759678 0.189346
cov: 0.001353 0.001951 0.001377
cov: 0.001951 0.101111 0.013700
cov: 0.001377 0.013700 0.068329
mean: 1.310001 2.543555 0.736956
cov: 0.007778 -0.002376 0.003215
cov: -0.002376 0.008698 -0.002519
cov: 0.003215 -0.002519 0.043839
mean: 6.255205 -1.268667 0.222046
cov: 0.096643 0.000496 -0.020964
cov: 0.000496 0.000195 0.000026
cov: -0.020964 0.000026 0.044983
mean: 1.243682 2.340605 1.381124
cov: 0.000197 0.000066 -0.000302
cov: 0.000066 0.030224 0.014926
cov: -0.000302 0.014926 0.034794
mean: 5.284350 -1.203182 0.548901
cov: 0.029330 0.000348 0.007065
cov: 0.000348 0.001646 0.000909
cov: 0.007065 0.000909 0.087100
mean: 1.376904 2.529517 -0.102057
cov: 0.015248 -0.000163 -0.000789
cov: -0.000163 0.008085 -0.003954
cov: -0.000789 -0.003954 0.045487
mean: 1.942514 4.726321 -0.210881
cov: 0.385793 0.003469 0.022469
cov: 0.003469 0.000241 0.000186
cov: 0.022469 0.000186 0.044775
mean: 4.514960 -1.200047 0.156468
cov: 0.062755 -0.000672 0.033026
cov: -0.000672 0.001197 -0.002260
cov: 0.033026 -0.002260 0.090087
mean: 4.283796 -1.200947 0.870898
cov: 0.083988 -0.001995 0.006907
cov: -0.001995 0.001064 0.000743
cov: 0.006907 0.000743 0.041370
mean: 4.806196 1.706396 1.386854
cov: 0.001217 -0.002503 -0.001201
cov: -0.002503 0.057285 0.001367
cov: -0.001201 0.001367 0.037844
mean: 3.702132 -1.221252 -0.189124
cov: 0.117740 0.001522 -0.006517
cov: 0.001522 0.001820 -0.002192
cov: -0.006517 -0.002192 0.049618
mean: 3.959698 4.744158 0.871765
cov: 0.024858 0.001762 0.015411
cov: 0.001762 0.000735 0.000818
cov: 0.015411 0.000818 0.037152
mean: 3.736286 4.743710 -0.272417
cov: 0.018821 0.001031 0.003837
cov: 0.001031 0.000348 0.000009
cov: 0.003837 0.000009 0.040069
mean: 4.889709 1.641489 -0.254901
cov: 0.010493 -0.001526 0.000997
cov: -0.001526 0.066597 0.000544
cov: 0.000997 0.000544 0.027068
mean: 4.189524 4.787213 -0.026915
cov: 0.302616 0.008523 0.015704
cov: 0.008523 0.000256 0.000557
cov: 0.015704 0.000557 0.022972
mean: 4.783118 4.774545 0.114743
cov: 0.133175 0.000732 0.024878
cov: 0.000732 0.000209 -0.000808
cov: 0.024878 -0.000808 0.060573
mean: 4.386672 4.778919 1.250963
cov: 0.027442 -0.000725 -0.007386
cov: -0.000725 0.000135 0.000829
cov: -0.007386 0.000829 0.028200
mean: 3.683300 4.485422 -0.656683
cov: 0.082604 0.000630 0.002933
cov: 0.000630 0.068812 0.010416
cov: 0.002933 0.010416 0.016456
mean: 4.975657 4.789666 1.261849
cov: 0.160254 -0.000533 0.032130
cov: -0.000533 0.000065 -0.000778
cov: 0.032130 -0.000778 0.035033
mean: 4.447583 4.764236 1.285247
cov: 0.140410 0.002709 -0.026315
cov: 0.002709 0.000213 -0.000645
cov: -0.026315 -0.000645 0.036700
mean: 4.601261 4.766327 -0.273007
cov: 0.045838 0.000619 0.017733
cov: 0.000619 0.000851 0.001510
cov: 0.017733 0.001510 0.143354
mean: 5.238754 4.816414 1.012979
cov: 0.031858 0.000174 0.009191
cov: 0.000174 0.000015 -0.000170
cov: 0.009191 -0.000170 0.023525
mean: 4.916553 -1.197377 -0.181450
cov: 0.141206 -0.002225 0.001257
cov: -0.002225 0.001303 -0.000666
cov: 0.001257 -0.000666 0.038747
mean: 4.822618 -1.203681 0.583867
cov: 0.057101 0.002286 -0.013019
cov: 0.002286 0.000756 -0.002551
cov: -0.013019 -0.002551 0.082609
mean: 3.659002 0.703782 -0.145541
cov: 0.041530 -0.023537 0.000588
cov: -0.023537 0.047635 0.000127
cov: 0.000588 0.000127 0.064824
mean: 4.465270 -0.258272 -0.721952
cov: 0.066393 -0.029870 0.002985
cov: -0.029870 0.086222 -0.000843
cov: 0.002985 -0.000843 0.000770
mean: 4.955959 0.576093 -0.713854
cov: 0.178009 0.006139 -0.002928
cov: 0.006139 0.136970 -0.004946
cov: -0.002928 -0.004946 0.000580
mean: 3.077760 0.267431 0.003566
cov: 0.092330 -0.007926 -0.001522
cov: -0.007926 0.076356 -0.001305
cov: -0.001522 -0.001305 0.003599
mean: 2.861668 0.757818 -0.662446
cov: 0.127513 0.016207 -0.007687
cov: 0.016207 0.177913 0.009107
cov: -0.007687 0.009107 0.020757
mean: 3.625527 0.992944 -0.726156
cov: 0.155069 0.068497 -0.001083
cov: 0.068497 0.144971 -0.001909
cov: -0.001083 -0.001909 0.000522
mean: 4.482521 -1.162635 -0.655053
cov: 0.107077 -0.005244 0.000090
cov: -0.005244 0.013230 -0.003823
cov: 0.000090 -0.003823 0.014046
mean: 6.221007 -0.613619 -0.720094
cov: 0.070000 -0.017177 0.002080
cov: -0.017177 0.153110 -0.002248
cov: 0.002080 -0.002248 0.001925
mean: 3.265670 1.634125 0.345767
cov: 0.010332 0.006605 -0.001399
cov: 0.006605 0.027794 -0.004437
cov: -0.001399 -0.004437 0.036735
mean: 6.287877 1.950260 -0.717081
cov: 0.207814 -0.055470 0.001897
cov: -0.055470 0.094388 -0.001237
cov: 0.001897 -0.001237 0.000403
mean: 6.351566 2.983720 -0.707456
cov: 0.194677 -0.030369 0.001533
cov: -0.030369 0.067654 0.003388
cov: 0.001533 0.003388 0.005148
mean: 6.811871 -1.254632 0.659290
cov: 0.048748 0.001179 0.000887
cov: 0.001179 0.000516 0.000267
cov: 0.000887 0.000267 0.136824
mean: 7.196688 -1.127880 -0.673554
cov: 0.166661 -0.002339 0.007682
cov: -0.002339 0.018824 -0.006350
cov: 0.007682 -0.006350 0.011402
mean: 6.682596 -0.309081 1.397755
cov: 0.000246 0.000636 -0.000465
cov: 0.000636 0.122477 0.002690
cov: -0.000465 0.002690 0.039334
mean: 6.694943 0.773916 -0.737436
cov: 0.115304 -0.009796 0.000237
cov: -0.009796 0.051629 0.001549
cov: 0.000237 0.001549 0.001551
mean: 6.683202 -0.488909 0.302058
cov: 0.000226 0.000414 0.000750
cov: 0.000414 0.050195 -0.004528
cov: 0.000750 -0.004528 0.083488
mean: 6.878916 -0.489057 -0.735063
cov: 0.067260 -0.005552 0.001251
cov: -0.005552 0.102623 -0.001324
cov: 0.001251 -0.001324 0.000426
mean: 8.192555 2.709506 -0.707451
cov: 0.086807 0.016617 0.001039
cov: 0.016617 0.183769 -0.003035
cov: 0.001039 -0.003035 0.000623
mean: 5.984769 1.451822 -0.736100
cov: 0.187457 0.033047 0.000377
cov: 0.033047 0.054033 -0.000026
cov: 0.000377 -0.000026 0.000266
mean: 7.564407 1.728814 -0.716487
cov: 0.161992 -0.015278 0.000689
cov: -0.015278 0.054766 0.000245
cov: 0.000689 0.000245 0.000825
mean: 5.977940 -1.249495 0.270446
cov: 0.064054 0.000428 -0.056183
cov: 0.000428 0.000173 -0.000915
cov: -0.056183 -0.000915 0.146594
mean: 5.443280 -1.198640 -0.170491
cov: 0.069677 -0.003189 -0.012803
cov: -0.003189 0.001523 0.001271
cov: -0.012803 0.001271 0.040739
mean: 9.025095 2.956702 -0.531885
cov: 0.008887 -0.000526 0.008290
cov: -0.000526 0.335475 -0.002563
cov: 0.008290 -0.002563 0.038235
mean: 9.116707 1.927248 0.605296
cov: 0.000081 -0.001864 0.000395
cov: -0.001864 0.375034 -0.089242
cov: 0.000395 -0.089242 0.246500
mean: 9.104841 2.554190 0.130350
cov: 0.000448 -0.005172 0.001922
cov: -0.005172 0.415764 -0.079496
cov: 0.001922 -0.079496 0.085317
mean: 5.062642 -1.145124 -0.659487
cov: 0.051223 0.003856 -0.002456
cov: 0.003856 0.012638 -0.004276
cov: -0.002456 -0.004276 0.011481
mean: 5.531585 -0.134979 0.510755
cov: 0.012603 0.003969 -0.000028
cov: 0.003969 0.008663 -0.002070
cov: -0.000028 -0.002070 0.009498
mean: 9.118196 4.206114 0.602907
cov: 0.000397 -0.001053 0.000295
cov: -0.001053 0.021901 -0.002817
cov: 0.000295 -0.002817 0.026614
mean: 9.066403 3.722191 -0.206116
cov: 0.000078 -0.001461 -0.000449
cov: -0.001461 0.108812 0.034430
cov: -0.000449 0.034430 0.060490
mean: 6.619176 -1.258715 1.180504
cov: 0.020943 0.000682 0.003033
cov: 0.000682 0.002008 0.000441
cov: 0.003033 0.000441 0.064684
mean: 6.155461 0.954828 1.411375
cov: 0.039718 -0.000565 0.001920
cov: -0.000565 0.000152 0.000265
cov: 0.001920 0.000265 0.021861
mean: 6.122951 1.035246 1.151093
cov: 0.019774 0.000130 0.013356
cov: 0.000130 0.000185 -0.000025
cov: 0.013356 -0.000025 0.034430
mean: 6.614265 0.963154 0.011921
cov: 0.019683 -0.004786 -0.015412
cov: -0.004786 0.013533 -0.004191
cov: -0.015412 -0.004191 0.079021
mean: 6.613797 -1.165339 -0.620205
cov: 0.083229 0.002472 -0.002305
cov: 0.002472 0.012573 -0.007768
cov: -0.002305 -0.007768 0.019333
mean: 6.814835 -1.222353 1.121620
cov: 0.064163 0.000314 0.017326
cov: 0.000314 0.000116 -0.000067
cov: 0.017326 -0.000067 0.080162
mean: 6.840299 -1.221836 0.232504
cov: 0.047322 -0.000344 -0.002340
cov: -0.000344 0.000098 -0.000083
cov: -0.002340 -0.000083 0.124702
mean: 5.702831 -1.221832 1.372802
cov: 0.073043 -0.000031 0.006091
cov: -0.000031 0.000454 -0.000430
cov: 0.006091 -0.000430 0.024521
mean: 5.995389 -1.224355 0.958569
cov: 0.070509 0.000118 0.014163
cov: 0.000118 0.000151 0.000033
cov: 0.014163 0.000033 0.042194
mean: 5.837236 -1.222890 0.184552
cov: 0.044256 0.000081 0.003398
cov: 0.000081 0.000149 0.000010
cov: 0.003398 0.000010 0.054403
mean: 6.744152 -0.476596 0.102889
cov: 0.000618 -0.001290 0.003616
cov: -0.001290 0.049049 -0.003961
cov: 0.003616 -0.003961 0.066620
mean: 6.849821 0.232603 -0.735966
cov: 0.072964 -0.013619 -0.000016
cov: -0.013619 0.114167 -0.000351
cov: -0.000016 -0.000351 0.000260
mean: 5.628697 -0.218252 -0.357069
cov: 0.013415 -0.003669 0.007857
cov: -0.003669 0.027259 -0.037586
cov: 0.007857 -0.037586 0.088804
mean: 4.954759 -1.183859 1.175061
cov: 0.052086 0.001171 -0.005786
cov: 0.001171 0.001609 -0.000131
cov: -0.005786 -0.000131 0.024302
mean: 5.793233 -1.171823 -0.672335
cov: 0.069148 0.003635 0.002784
cov: 0.003635 0.008795 -0.003600
cov: 0.002784 -0.003600 0.009845
mean: 1.941567 0.977402 0.070150
cov: 0.027046 -0.016712 -0.007971
cov: -0.016712 0.044485 0.002564
cov: -0.007971 0.002564 0.094273
mean: 4.224239 -1.266219 0.073338
cov: 0.045110 0.000746 0.002762
cov: 0.000746 0.000155 -0.000412
cov: 0.002762 -0.000412 0.049796
mean: -0.784842 2.349361 1.618029
cov: 0.000000 -0.000000 -0.000000
cov: -0.000000 0.000000 0.000000
cov: -0.000000 0.000000 0.000000
mean: 1.905851 0.959960 0.825288
cov: 0.015449 -0.012310 -0.007797
cov: -0.012310 0.051387 0.010345
cov: -0.007797 0.010345 0.039505
mean: 3.407231 -1.289600 0.816499
cov: 0.051164 0.003245 0.013650
cov: 0.003245 0.000990 -0.001213
cov: 0.013650 -0.001213 0.128574
mean: 3.313813 -1.060774 -0.717613
cov: 0.142140 0.013086 -0.002987
cov: 0.013086 0.053644 -0.001045
cov: -0.002987 -0.001045 0.001154
mean: 3.974249 0.401013 -0.728947
cov: 0.049944 0.021217 -0.002653
cov: 0.021217 0.178392 -0.002679
cov: -0.002653 -0.002679 0.004212
mean: 3.671726 -0.399893 -0.038295
cov: 0.024364 0.010208 0.006184
cov: 0.010208 0.036184 0.008821
cov: 0.006184 0.008821 0.029215
mean: 1.752887 -1.078345 -0.413201
cov: 0.043523 -0.017078 -0.010080
cov: -0.017078 0.044493 -0.010205
cov: -0.010080 -0.010205 0.076702
mean: 0.677925 4.622906 1.599388
cov: 0.000000 0.000000 0.000000
cov: 0.000000 0.000000 0.000000
cov: 0.000000 0.000000 0.000000
mean: 2.319934 1.904175 -0.416727
cov: 0.011222 0.005120 -0.010640
cov: 0.005120 0.047919 -0.003979
cov: -0.010640 -0.003979 0.039138
mean: 4.356162 2.211541 0.132785
cov: 0.045634 -0.001144 -0.010199
cov: -0.001144 0.000549 0.000234
cov: -0.010199 0.000234 0.088984
mean: 5.208118 0.903192 -0.739306
cov: 0.054045 -0.010712 0.000459
cov: -0.010712 0.046765 0.001138
cov: 0.000459 0.001138 0.000446
mean: 1.838364 2.420690 1.613879
cov: 0.043328 -0.000436 -0.010647
cov: -0.000436 0.000148 0.000268
cov: -0.010647 0.000268 0.008206
mean: 8.947255 -1.291478 1.317909
cov: 0.017335 0.003132 0.001196
cov: 0.003132 0.001429 0.000258
cov: 0.001196 0.000258 0.018505
mean: 8.612070 -1.318518 0.402639
cov: 0.028584 0.002499 -0.002734
cov: 0.002499 0.000425 -0.000190
cov: -0.002734 -0.000190 0.035501
mean: 5.262353 4.567440 -0.654884
cov: 0.084362 0.002775 -0.002284
cov: 0.002775 0.015528 0.007295
cov: -0.002284 0.007295 0.016770
mean: 8.181102 -1.328593 -0.141943
cov: 0.024989 0.000285 0.002019
cov: 0.000285 0.000011 -0.000029
cov: 0.002019 -0.000029 0.026418
mean: 8.169199 -1.236913 -0.454050
cov: 0.090627 0.001105 0.011766
cov: 0.001105 0.002583 -0.007219
cov: 0.011766 -0.007219 0.077124
mean: 8.232086 -1.326757 0.982403
cov: 0.027604 0.000170 -0.001515
cov: 0.000170 0.000016 0.000013
cov: -0.001515 0.000013 0.024298
mean: 6.018974 3.753810 -0.714545
cov: 0.200637 -0.004416 0.000453
cov: -0.004416 0.062969 0.000577
cov: 0.000453 0.000577 0.000628
mean: 8.119823 -1.331275 0.426259
cov: 0.009783 -0.000075 -0.000124
cov: -0.000075 0.000028 0.000057
cov: -0.000124 0.000057 0.026340
mean: 8.999865 -1.289214 0.750054
cov: 0.014441 0.001625 -0.008545
cov: 0.001625 0.001335 0.000073
cov: -0.008545 0.000073 0.044936
mean: 8.283705 -1.327801 1.419890
cov: 0.027421 0.000490 -0.002159
cov: 0.000490 0.000020 -0.000212
cov: -0.002159 -0.000212 0.009901
mean: 8.967968 -1.293879 -0.029712
cov: 0.022603 0.002713 0.007839
cov: 0.002713 0.001088 0.000589
cov: 0.007839 0.000589 0.024322
mean: 5.509964 2.796755 -0.719133
cov: 0.087174 0.017808 -0.000961
cov: 0.017808 0.171607 -0.000834
cov: -0.000961 -0.000834 0.000658
mean: 7.781589 -1.274867 0.635775
cov: 0.075734 0.000984 0.002370
cov: 0.000984 0.000126 -0.002195
cov: 0.002370 -0.002195 0.194549
mean: 7.102479 -1.292821 0.281107
cov: 0.060233 0.000956 -0.013747
cov: 0.000956 0.000074 -0.000041
cov: -0.013747 -0.000041 0.104260
mean: 6.244198 0.971452 0.889141
cov: 0.041497 -0.002644 -0.006155
cov: -0.002644 0.000825 -0.000303
cov: -0.006155 -0.000303 0.021279
mean: 7.179340 -1.290178 1.377718
cov: 0.215916 0.004837 0.002921
cov: 0.004837 0.000228 0.000771
cov: 0.002921 0.000771 0.022106
mean: 8.916862 -1.247877 1.252536
cov: 0.078318 0.001829 -0.034294
cov: 0.001829 0.000047 -0.001082
cov: -0.034294 -0.001082 0.045134
mean: 8.055617 -1.243247 0.429960
cov: 0.037875 0.000956 -0.010452
cov: 0.000956 0.000030 0.000020
cov: -0.010452 0.000020 0.039714
mean: 6.019217 4.625269 -0.665898
cov: 0.061301 0.004312 -0.000927
cov: 0.004312 0.007529 0.005510
cov: -0.000927 0.005510 0.016757
mean: 4.368672 2.283911 -0.543314
cov: 0.070534 0.000629 0.021823
cov: 0.000629 0.031132 0.000845
cov: 0.021823 0.000845 0.047470
mean: 6.773978 -0.406224 1.421532
cov: 0.000672 -0.002073 0.000404
cov: -0.002073 0.045650 -0.010212
cov: 0.000404 -0.010212 0.048614
mean: 5.038234 1.768822 1.317565
cov: 0.000419 -0.000241 0.000016
cov: -0.000241 0.061861 -0.002808
cov: 0.000016 -0.002808 0.035417
mean: 6.167631 0.950896 -0.312971
cov: 0.031620 -0.000053 -0.011719
cov: -0.000053 0.000128 0.000033
cov: -0.011719 0.000033 0.056833
mean: 4.204693 1.652122 -0.731715
cov: 0.064931 0.011315 0.001824
cov: 0.011315 0.055873 0.001115
cov: 0.001824 0.001115 0.000784
mean: 6.724031 0.354443 1.396647
cov: 0.001274 -0.002681 -0.002345
cov: -0.002681 0.064070 0.007011
cov: -0.002345 0.007011 0.030696
mean: 2.687402 3.522655 0.278490
cov: 0.027990 0.007152 -0.008079
cov: 0.007152 0.009607 -0.003960
cov: -0.008079 -0.003960 0.046937
mean: 4.332060 1.097927 -0.743624
cov: 0.071463 -0.004106 0.000402
cov: -0.004106 0.017728 0.000229
cov: 0.000402 0.000229 0.000274
mean: 5.756585 1.086297 -0.702358
cov: 0.079821 -0.004617 0.005341
cov: -0.004617 0.028711 0.000578
cov: 0.005341 0.000578 0.005506
mean: 2.249402 3.027655 -0.723223
cov: 0.075978 -0.017610 -0.002617
cov: -0.017610 0.073307 0.001429
cov: -0.002617 0.001429 0.001151
mean: 2.661430 3.569287 -0.581716
cov: 0.032978 -0.002206 -0.003354
cov: -0.002206 0.029679 0.007688
cov: -0.003354 0.007688 0.017780
mean: 4.746759 0.552351 -0.738847
cov: 0.095806 -0.000001 -0.000303
cov: -0.000001 0.035266 -0.000717
cov: -0.000303 -0.000717 0.000273
mean: 2.898594 0.818716 -0.001917
cov: 0.064794 0.008616 0.002433
cov: 0.008616 0.049773 -0.002584
cov: 0.002433 -0.002584 0.003209
mean: -0.944962 2.521360 0.457810
cov: 0.000210 0.000369 0.001440
cov: 0.000369 0.003074 0.001684
cov: 0.001440 0.001684 0.026042
mean: -0.940849 3.139222 -0.099939
cov: 0.000156 0.000203 -0.001108
cov: 0.000203 0.003146 0.001569
cov: -0.001108 0.001569 0.026015
mean: -0.940111 3.191298 0.491559
cov: 0.000279 -0.000272 0.002138
cov: -0.000272 0.003641 0.000461
cov: 0.002138 0.000461 0.026684
mean: 6.407542 4.661068 -0.174980
cov: 0.063543 0.002809 -0.002868
cov: 0.002809 0.001363 0.001780
cov: -0.002868 0.001780 0.074144
mean: 5.810892 4.636040 0.504356
cov: 0.086659 0.000942 0.028641
cov: 0.000942 0.000130 0.000046
cov: 0.028641 0.000046 0.084386
mean: 6.529400 4.646737 1.001078
cov: 0.065632 0.001710 0.000677
cov: 0.001710 0.000455 -0.001698
cov: 0.000677 -0.001698 0.112023
mean: 6.355590 4.401180 -0.722039
cov: 0.096767 -0.004344 0.001243
cov: -0.004344 0.041404 0.003328
cov: 0.001243 0.003328 0.001882
mean: 6.657971 4.056605 1.261991
cov: 0.000284 0.000332 -0.000104
cov: 0.000332 0.030152 0.005672
cov: -0.000104 0.005672 0.048690
mean: 6.646908 4.106526 0.571937
cov: 0.000295 0.000531 0.000896
cov: 0.000531 0.019081 0.003789
cov: 0.000896 0.003789 0.060786
mean: 6.659858 3.809782 0.709830
cov: 0.000423 -0.000434 -0.001145
cov: -0.000434 0.034973 0.006875
cov: -0.001145 0.006875 0.046051
mean: 6.647224 3.664252 1.434138
cov: 0.000433 -0.000861 -0.000178
cov: -0.000861 0.047286 -0.002238
cov: -0.000178 -0.002238 0.017029
mean: 6.638533 3.514283 1.106833
cov: 0.001719 0.001280 0.002940
cov: 0.001280 0.016824 0.000322
cov: 0.002940 0.000322 0.083945
mean: 6.240042 4.675016 0.867239
cov: 0.015857 0.000630 -0.003803
cov: 0.000630 0.000373 0.000993
cov: -0.003803 0.000993 0.051750
mean: 4.518055 3.633824 0.572073
cov: 0.045175 -0.002048 -0.004642
cov: -0.002048 0.001495 -0.002221
cov: -0.004642 -0.002221 0.113795
mean: 3.187819 4.681080 0.723090
cov: 0.116831 -0.001252 0.013719
cov: -0.001252 0.000735 -0.004253
cov: 0.013719 -0.004253 0.072506
mean: 1.153382 3.420744 0.603159
cov: 0.001998 -0.000674 0.007944
cov: -0.000674 0.005113 -0.000327
cov: 0.007944 -0.000327 0.295341
mean: 1.089332 3.443457 0.925462
cov: 0.026432 -0.005668 0.002314
cov: -0.005668 0.005562 0.007684
cov: 0.002314 0.007684 0.179618
mean: 3.384266 4.697906 0.003093
cov: 0.120806 0.000129 -0.019934
cov: 0.000129 0.000239 0.000537
cov: -0.019934 0.000537 0.051028
mean: 1.714694 2.672244 1.331990
cov: 0.049681 0.003294 -0.004839
cov: 0.003294 0.001717 0.003231
cov: -0.004839 0.003231 0.046823
mean: 4.117604 4.705363 1.058420
cov: 0.044621 0.001430 -0.008452
cov: 0.001430 0.000314 -0.001336
cov: -0.008452 -0.001336 0.105975
mean: 3.509444 4.703590 0.916206
cov: 0.051073 -0.000731 0.011694
cov: -0.000731 0.000234 -0.000835
cov: 0.011694 -0.000835 0.077364
mean: 3.115317 4.077967 -0.716501
cov: 0.107483 -0.002766 0.002126
cov: -0.002766 0.066636 0.001329
cov: 0.002126 0.001329 0.000266
mean: 2.913618 4.696802 1.352001
cov: 0.163060 0.001859 -0.014173
cov: 0.001859 0.000268 -0.000348
cov: -0.014173 -0.000348 0.036880
mean: 2.336174 2.524538 -0.363722
cov: 0.007185 -0.006484 -0.004061
cov: -0.006484 0.060935 -0.008680
cov: -0.004061 -0.008680 0.074699
mean: 2.078550 4.111110 -0.729489
cov: 0.036848 0.003219 -0.000007
cov: 0.003219 0.073966 0.001247
cov: -0.000007 0.001247 0.000340
mean: 4.060170 4.705115 0.223660
cov: 0.107148 0.001095 -0.022448
cov: 0.001095 0.000233 -0.000322
cov: -0.022448 -0.000322 0.073581
mean: -0.773999 3.894388 -0.165256
cov: 0.001014 0.002884 -0.000835
cov: 0.002884 0.184897 0.003276
cov: -0.000835 0.003276 0.038939
mean: -0.777320 3.936225 1.217625
cov: 0.001555 0.005429 0.001460
cov: 0.005429 0.177790 0.066179
cov: 0.001460 0.066179 0.057720
mean: -0.783326 4.177276 0.619644
cov: 0.000341 -0.000309 0.001263
cov: -0.000309 0.024353 -0.010446
cov: 0.001263 -0.010446 0.094151
mean: 1.833457 2.747183 0.650307
cov: 0.036186 0.000931 0.016095
cov: 0.000931 0.000444 0.002240
cov: 0.016095 0.002240 0.149784
mean: -0.774983 2.252761 0.004249
cov: 0.000542 -0.001816 0.000494
cov: -0.001816 0.068773 -0.039216
cov: 0.000494 -0.039216 0.146137
mean: -0.786417 1.586883 1.318251
cov: 0.000194 -0.001307 0.000328
cov: -0.001307 0.173358 0.018491
cov: 0.000328 0.018491 0.045808
mean: -0.813227 3.222512 0.025790
cov: 0.000640 -0.002764 0.002233
cov: -0.002764 0.122370 0.027916
cov: 0.002233 0.027916 0.054144
mean: -0.688492 4.227451 -0.621550
cov: 0.025013 -0.004023 -0.009368
cov: -0.004023 0.070953 -0.004973
cov: -0.009368 -0.004973 0.016120
mean: -0.786851 2.073207 0.832135
cov: 0.000230 -0.000717 -0.000669
cov: -0.000717 0.155183 -0.061378
cov: -0.000669 -0.061378 0.075231
mean: 1.580277 1.307787 0.637441
cov: 0.018522 -0.000330 -0.007446
cov: -0.000330 0.000187 0.000711
cov: -0.007446 0.000711 0.047861
mean: -0.450318 -0.033182 -0.709891
cov: 0.043519 0.008943 -0.002276
cov: 0.008943 0.154786 -0.003797
cov: -0.002276 -0.003797 0.000848
mean: 2.783586 -0.426360 -0.007138
cov: 0.040792 0.003979 0.000422
cov: 0.003979 0.051345 -0.001248
cov: 0.000422 -0.001248 0.000283
mean: 2.616054 -1.216856 0.214540
cov: 0.047795 -0.000877 0.023739
cov: -0.000877 0.000206 -0.000770
cov: 0.023739 -0.000770 0.048469
mean: 1.869603 -1.218457 0.175817
cov: 0.032377 -0.000431 -0.013537
cov: -0.000431 0.000122 0.000361
cov: -0.013537 0.000361 0.069083
mean: 7.203674 -1.216602 0.707341
cov: 0.081083 -0.000119 0.051806
cov: -0.000119 0.000148 -0.000147
cov: 0.051806 -0.000147 0.110869
mean: 3.322893 0.055556 -0.012300
cov: 0.027690 0.003490 0.000121
cov: 0.003490 0.037066 0.000039
cov: 0.000121 0.000039 0.000163
mean: 5.295107 -0.603960 -0.729648
cov: 0.138836 0.020711 0.002447
cov: 0.020711 0.056628 0.000749
cov: 0.002447 0.000749 0.000318
mean: 2.094056 -1.218718 0.922828
cov: 0.074112 -0.000426 0.039677
cov: -0.000426 0.000096 0.000127
cov: 0.039677 0.000127 0.052040
mean: 6.547396 -1.215011 1.214710
cov: 0.054377 0.000675 -0.008382
cov: 0.000675 0.000118 -0.000205
cov: -0.008382 -0.000205 0.068188
mean: 3.632633 -1.181649 0.123843
cov: 0.046206 -0.000671 -0.020830
cov: -0.000671 0.000298 -0.000557
cov: -0.020830 -0.000557 0.100705
mean: 1.204614 -1.218174 0.497654
cov: 0.030151 0.000396 0.001582
cov: 0.000396 0.000115 -0.000043
cov: 0.001582 -0.000043 0.022503
mean: 2.497305 -1.219620 1.394865
cov: 0.062220 -0.000692 -0.004908
cov: -0.000692 0.000143 -0.000022
cov: -0.004908 -0.000022 0.013630
mean: 5.776104 0.335686 -0.736307
cov: 0.080304 0.012217 0.001389
cov: 0.012217 0.066989 0.000576
cov: 0.001389 0.000576 0.000335
mean: 5.699233 -1.212659 0.886510
cov: 0.063136 -0.001274 0.000622
cov: -0.001274 0.000539 0.000793
cov: 0.000622 0.000793 0.051911
mean: 4.865569 0.026078 -0.740312
cov: 0.054845 -0.000173 -0.000160
cov: -0.000173 0.026729 -0.000069
cov: -0.000160 -0.000069 0.000281
mean: 1.589851 -0.709964 -0.368428
cov: 0.012577 -0.004593 0.001166
cov: -0.004593 0.047498 -0.000900
cov: 0.001166 -0.000900 0.012137
mean: 2.622948 -1.226098 -0.600229
cov: 0.091949 -0.001544 0.011683
cov: -0.001544 0.000159 -0.000133
cov: 0.011683 -0.000133 0.009500
mean: 1.685507 -1.145228 -0.222622
cov: 0.011742 -0.006509 -0.005677
cov: -0.006509 0.019749 0.004567
cov: -0.005677 0.004567 0.032586
mean: -0.783664 0.196624 0.272551
cov: 0.000163 -0.000174 -0.000437
cov: -0.000174 0.113430 -0.012834
cov: -0.000437 -0.012834 0.055429
mean: -0.507285 -1.349692 0.523775
cov: 0.013620 0.000069 0.001857
cov: 0.000069 0.000074 -0.000104
cov: 0.001857 -0.000104 0.019213
mean: -0.193257 -1.356202 1.251253
cov: 0.030240 0.001692 -0.003020
cov: 0.001692 0.000419 -0.001481
cov: -0.003020 -0.001481 0.027681
mean: 0.567961 0.771223 -0.499245
cov: 0.013025 -0.001125 -0.003169
cov: -0.001125 0.018030 -0.009797
cov: -0.003169 -0.009797 0.047750
mean: -0.783900 0.460596 1.176026
cov: 0.000220 -0.000534 0.001061
cov: -0.000534 0.135153 -0.047658
cov: 0.001061 -0.047658 0.078454
mean: 0.244730 -1.320560 0.948260
cov: 0.181569 0.002217 0.004975
cov: 0.002217 0.000301 0.002984
cov: 0.004975 0.002984 0.120257
mean: -0.727333 2.171760 -0.617195
cov: 0.014779 -0.008605 -0.007723
cov: -0.008605 0.144826 -0.001220
cov: -0.007723 -0.001220 0.022644
mean: 8.115276 0.553155 -0.681739
cov: 0.059119 -0.000839 0.002127
cov: -0.000839 0.077339 0.003956
cov: 0.002127 0.003956 0.005085
mean: 7.819982 0.229985 -0.713076
cov: 0.154328 -0.018282 0.001264
cov: -0.018282 0.109409 -0.001241
cov: 0.001264 -0.001241 0.000174
mean: 1.939458 4.683036 0.766998
cov: 0.035414 0.000314 -0.023082
cov: 0.000314 0.000384 -0.001017
cov: -0.023082 -0.001017 0.090153
mean: 1.946509 4.664137 -0.466669
cov: 0.045072 0.000817 0.008716
cov: 0.000817 0.003655 0.005370
cov: 0.008716 0.005370 0.058556
mean: 2.830515 4.618915 -0.606695
cov: 0.082343 -0.001767 0.004395
cov: -0.001767 0.013897 0.006606
cov: 0.004395 0.006606 0.020565
mean: 3.203741 1.788875 -0.533295
cov: 0.023137 0.003358 -0.006553
cov: 0.003358 0.021217 -0.011576
cov: -0.006553 -0.011576 0.027235
mean: 3.993378 3.046030 0.876816
cov: 0.000118 -0.000754 -0.001203
cov: -0.000754 0.088603 0.041821
cov: -0.001203 0.041821 0.158825
mean: 7.118296 0.863297 -0.710754
cov: 0.235451 0.052238 0.000026
cov: 0.052238 0.082341 0.001060
cov: 0.000026 0.001060 0.000223
mean: 9.070818 2.921036 1.241649
cov: 0.000465 -0.000102 0.000055
cov: -0.000102 0.113929 0.006915
cov: 0.000055 0.006915 0.054776
mean: 9.070689 0.671898 -0.195451
cov: 0.004539 -0.001141 -0.000489
cov: -0.001141 0.252562 -0.037809
cov: -0.000489 -0.037809 0.089162
mean: 9.057451 3.612183 0.267530
cov: 0.000201 -0.000708 0.000931
cov: -0.000708 0.141650 0.027810
cov: 0.000931 0.027810 0.116811
mean: 9.065803 1.771433 0.913582
cov: 0.000607 -0.003893 0.000859
cov: -0.003893 0.124072 -0.036706
cov: 0.000859 -0.036706 0.086849
mean: 9.059951 3.644344 0.972504
cov: 0.000347 0.001863 0.001297
cov: 0.001863 0.199786 0.090323
cov: 0.001297 0.090323 0.116814
mean: 9.062504 2.539997 0.167280
cov: 0.000193 0.000447 0.000160
cov: 0.000447 0.123319 -0.020994
cov: 0.000160 -0.020994 0.097234
mean: 9.057274 -0.036446 0.798320
cov: 0.000221 -0.001375 -0.001992
cov: -0.001375 0.410233 0.255891
cov: -0.001992 0.255891 0.227171
mean: 9.059669 1.055583 1.132398
cov: 0.000301 -0.002698 0.000346
cov: -0.002698 0.213904 0.024196
cov: 0.000346 0.024196 0.078438
mean: 9.076468 1.686130 -0.330319
cov: 0.002722 -0.004677 0.001234
cov: -0.004677 0.112675 0.036608
cov: 0.001234 0.036608 0.067106
mean: 9.077629 2.189999 1.286445
cov: 0.000904 -0.003934 0.001004
cov: -0.003934 0.109666 -0.011275
cov: 0.001004 -0.011275 0.052020
mean: 9.074580 1.282449 0.128977
cov: 0.001727 -0.006541 0.001664
cov: -0.006541 0.154243 -0.001194
cov: 0.001664 -0.001194 0.152576
mean: 7.351939 2.977885 -0.751487
cov: 0.111686 0.064323 0.001355
cov: 0.064323 0.110299 -0.000611
cov: 0.001355 -0.000611 0.000426
mean: 8.251472 0.656385 0.325211
cov: 0.009528 0.011420 0.001080
cov: 0.011420 0.030685 -0.007223
cov: 0.001080 -0.007223 0.036230
mean: 9.096482 4.351354 1.358736
cov: 0.001903 -0.003320 0.000588
cov: -0.003320 0.092030 -0.008403
cov: 0.000588 -0.008403 0.018822
mean: 9.025226 -0.210383 -0.590060
cov: 0.009045 -0.003743 0.005827
cov: -0.003743 0.108462 -0.001710
cov: 0.005827 -0.001710 0.015724
mean: 6.795734 2.121493 0.699923
cov: 0.001589 0.000008 0.001152
cov: 0.000008 0.000325 0.000642
cov: 0.001152 0.000642 0.011203
mean: 8.961025 4.521563 -0.244597
cov: 0.024455 -0.009594 0.012649
cov: -0.009594 0.058293 0.022915
cov: 0.012649 0.022915 0.103374
mean: 8.526971 4.748325 0.014967
cov: 0.034221 0.000633 0.019220
cov: 0.000633 0.000071 0.001460
cov: 0.019220 0.001460 0.111937
mean: 9.060408 -0.929103 0.346960
cov: 0.000145 0.000015 -0.000306
cov: 0.000015 0.005891 -0.000510
cov: -0.000306 -0.000510 0.032995
mean: 9.059542 -0.962389 1.144770
cov: 0.000157 -0.000125 0.000156
cov: -0.000125 0.012324 -0.002558
cov: 0.000156 -0.002558 0.066016
mean: 8.309386 4.738591 1.022232
cov: 0.115464 0.002088 0.034909
cov: 0.002088 0.000230 0.001094
cov: 0.034909 0.001094 0.128526
mean: 8.922761 4.639344 1.147872
cov: 0.037301 -0.010183 0.011586
cov: -0.010183 0.016749 -0.002973
cov: 0.011586 -0.002973 0.084518
mean: 9.061714 -0.806604 -0.319863
cov: 0.000196 0.000078 -0.000547
cov: 0.000078 0.015274 0.004544
cov: -0.000547 0.004544 0.030990
mean: 7.780308 3.964201 -0.629346
cov: 0.018167 -0.006486 0.007407
cov: -0.006486 0.108020 -0.003725
cov: 0.007407 -0.003725 0.028820
mean: 8.362092 1.177160 -0.723436
cov: 0.126152 -0.020426 0.005016
cov: -0.020426 0.086092 -0.004755
cov: 0.005016 -0.004755 0.002340
mean: 7.913448 4.667758 -0.265165
cov: 0.130891 0.002289 0.029660
cov: 0.002289 0.002102 0.004966
cov: 0.029660 0.004966 0.101848
mean: 8.075053 4.740864 -0.330125
cov: 0.030766 0.000790 0.006264
cov: 0.000790 0.000175 0.000710
cov: 0.006264 0.000710 0.037795
mean: 7.096391 3.081983 1.582041
cov: 0.003723 0.000000 0.000317
cov: 0.000000 0.000050 0.000025
cov: 0.000317 0.000025 0.001882
mean: 7.295926 4.674743 1.281502
cov: 0.031574 0.001702 -0.009434
cov: 0.001702 0.000319 -0.001034
cov: -0.009434 -0.001034 0.034995
mean: 7.612315 4.676535 0.237328
cov: 0.134316 0.000775 0.047072
cov: 0.000775 0.000517 -0.001044
cov: 0.047072 -0.001044 0.048054
mean: 8.203826 4.676381 1.101032
cov: 0.141330 0.001900 0.057368
cov: 0.001900 0.000184 0.001023
cov: 0.057368 0.001023 0.117926
mean: 8.341803 4.183414 -0.750010
cov: 0.112407 -0.084896 0.002439
cov: -0.084896 0.124875 -0.002271
cov: 0.002439 -0.002271 0.000355
mean: 8.173496 4.632144 1.112414
cov: 0.019217 -0.000151 -0.005127
cov: -0.000151 0.000131 0.000076
cov: -0.005127 0.000076 0.019440
mean: 6.854988 4.637178 0.542684
cov: 0.071014 -0.001441 -0.000096
cov: -0.001441 0.000204 -0.000754
cov: -0.000096 -0.000754 0.045540
mean: 7.958338 4.629941 0.305569
cov: 0.025744 0.000051 -0.002223
cov: 0.000051 0.000162 -0.000521
cov: -0.002223 -0.000521 0.026386
mean: 7.522833 4.661737 -0.625701
cov: 0.081164 0.007155 -0.004420
cov: 0.007155 0.005290 0.004496
cov: -0.004420 0.004496 0.019663
mean: 6.913938 3.820911 1.265593
cov: 0.000124 -0.000435 0.000254
cov: -0.000435 0.020915 -0.007345
cov: 0.000254 -0.007345 0.016495
mean: 9.050758 4.345482 -0.633103
cov: 0.009294 0.001583 0.005106
cov: 0.001583 0.045782 -0.000130
cov: 0.005106 -0.000130 0.012875
mean: 6.772514 4.636507 0.033584
cov: 0.042514 -0.000870 0.004211
cov: -0.000870 0.000513 -0.000425
cov: 0.004211 -0.000425 0.068356
mean: 8.468853 4.632221 1.337980
cov: 0.024997 0.000219 -0.000061
cov: 0.000219 0.000114 0.000026
cov: -0.000061 0.000026 0.020402
mean: 8.517006 4.629588 0.342615
cov: 0.023401 0.000245 -0.002404
cov: 0.000245 0.000171 0.000071
cov: -0.002404 0.000071 0.058714
mean: 9.016943 4.647032 0.398440
cov: 0.018114 -0.006316 0.002008
cov: -0.006316 0.011420 -0.000197
cov: 0.002008 -0.000197 0.039863
mean: 8.958281 4.622716 1.234668
cov: 0.024065 -0.001771 -0.013027
cov: -0.001771 0.000548 0.000660
cov: -0.013027 0.000660 0.044770
mean: 7.832558 4.630510 1.320597
cov: 0.024603 0.000271 0.004256
cov: 0.000271 0.000155 0.000027
cov: 0.004256 0.000027 0.019221
mean: 7.364003 4.131925 -0.731952
cov: 0.059909 -0.018245 0.000369
cov: -0.018245 0.113635 0.000340
cov: 0.000369 0.000340 0.000844
mean: 8.324019 4.610888 -0.702869
cov: 0.091195 -0.003047 0.007618
cov: -0.003047 0.012420 0.004233
cov: 0.007618 0.004233 0.008464
mean: 6.826754 4.574728 -0.673419
cov: 0.052807 0.000775 0.004552
cov: 0.000775 0.015899 0.007507
cov: 0.004552 0.007507 0.014888
mean: 8.750998 4.632238 0.765358
cov: 0.036789 -0.001006 -0.006561
cov: -0.001006 0.000216 0.000380
cov: -0.006561 0.000380 0.033676
mean: 8.474762 4.627588 -0.340005
cov: 0.043897 0.000066 -0.017769
cov: 0.000066 0.000165 0.000317
cov: -0.017769 0.000317 0.025946
mean: 6.914649 3.856803 0.419517
cov: 0.000448 0.000433 0.000998
cov: 0.000433 0.038100 -0.003369
cov: 0.000998 -0.003369 0.028572
mean: 9.067098 4.565558 0.729780
cov: 0.006274 -0.004142 0.000760
cov: -0.004142 0.020022 0.003236
cov: 0.000760 0.003236 0.033963
mean: 9.104909 3.766904 0.077223
cov: 0.000167 -0.002257 0.000080
cov: -0.002257 0.137173 -0.010479
cov: 0.000080 -0.010479 0.029137
mean: 9.101921 4.196411 -0.262436
cov: 0.000291 -0.000416 0.000380
cov: -0.000416 0.038216 -0.003361
cov: 0.000380 -0.003361 0.049696
mean: 9.104097 3.679115 0.747700
cov: 0.000121 -0.000934 0.000522
cov: -0.000934 0.084610 -0.013120
cov: 0.000522 -0.013120 0.090291
mean: 9.083498 4.516960 0.075071
cov: 0.002572 -0.003052 -0.000177
cov: -0.003052 0.031430 -0.003641
cov: -0.000177 -0.003641 0.036450
mean: 7.871121 4.633507 1.348427
cov: 0.000921 -0.000091 -0.000553
cov: -0.000091 0.000192 0.000037
cov: -0.000553 0.000037 0.007805
mean: 7.938845 4.630662 1.388246
cov: 0.001652 0.000039 0.000167
cov: 0.000039 0.000164 -0.000022
cov: 0.000167 -0.000022 0.002930
mean: 7.999352 4.632936 1.351007
cov: 0.004573 -0.000004 -0.003025
cov: -0.000004 0.000120 0.000097
cov: -0.003025 0.000097 0.008889
mean: 7.927741 4.634081 1.472760
cov: 0.007466 -0.000086 -0.000474
cov: -0.000086 0.000166 0.000038
cov: -0.000474 0.000038 0.001430
mean: 7.911974 4.634435 1.193854
cov: 0.004825 -0.000104 -0.002631
cov: -0.000104 0.000170 -0.000086
cov: -0.002631 -0.000086 0.002716
mean: 9.084423 4.614779 0.533719
cov: 0.002554 -0.000453 0.000338
cov: -0.000453 0.000429 -0.000358
cov: 0.000338 -0.000358 0.016576
mean: 5.431026 4.236521 -0.736876
cov: 0.091278 0.011943 0.001903
cov: 0.011943 0.045405 0.001117
cov: 0.001903 0.001117 0.000579
mean: 6.967291 4.164184 1.583325
cov: 0.001200 -0.000891 0.000035
cov: -0.000891 0.006023 -0.001044
cov: 0.000035 -0.001044 0.001527
mean: 4.441537 4.279295 -0.706911
cov: 0.105539 0.004978 0.000839
cov: 0.004978 0.072036 0.002110
cov: 0.000839 0.002110 0.002906
mean: 5.281266 3.504376 -0.737714
cov: 0.103168 -0.034836 -0.001938
cov: -0.034836 0.113735 0.002344
cov: -0.001938 0.002344 0.000607
mean: 5.686530 3.993382 -0.745710
cov: 0.049715 -0.007182 0.000249
cov: -0.007182 0.070472 -0.000307
cov: 0.000249 -0.000307 0.000199
mean: 4.694298 3.635681 1.451523
cov: 0.055059 -0.003659 0.005525
cov: -0.003659 0.002167 -0.000373
cov: 0.005525 -0.000373 0.022676
mean: 6.192383 4.712423 1.298128
cov: 0.115040 0.001264 0.000608
cov: 0.001264 0.000245 -0.000418
cov: 0.000608 -0.000418 0.040578
mean: 5.675737 4.699346 0.079567
cov: 0.061515 0.000585 -0.009466
cov: 0.000585 0.000441 0.003151
cov: -0.009466 0.003151 0.070595
mean: 4.853226 4.691230 0.226759
cov: 0.039833 0.001778 0.007658
cov: 0.001778 0.000384 0.000294
cov: 0.007658 0.000294 0.042368
mean: 4.987209 4.700936 1.120274
cov: 0.051180 0.001175 -0.037729
cov: 0.001175 0.000378 -0.000736
cov: -0.037729 -0.000736 0.068416
mean: 3.205975 3.244822 -0.744614
cov: 0.084534 0.009015 0.000128
cov: 0.009015 0.049298 0.000417
cov: 0.000128 0.000417 0.000269
mean: 4.231697 3.719651 0.985391
cov: 0.008706 -0.000476 0.006444
cov: -0.000476 0.000399 -0.000702
cov: 0.006444 -0.000702 0.015067
mean: 0.086765 4.725133 1.155422
cov: 0.068427 0.000741 -0.007859
cov: 0.000741 0.000018 -0.000245
cov: -0.007859 -0.000245 0.052620
mean: -0.823445 3.477704 0.487223
cov: 0.000742 -0.005507 0.004306
cov: -0.005507 0.104981 -0.068680
cov: 0.004306 -0.068680 0.063521
mean: -0.818900 3.403347 1.309995
cov: 0.000815 -0.004356 0.001333
cov: -0.004356 0.038948 -0.006623
cov: 0.001333 -0.006623 0.017416
mean: -0.128798 -1.390723 0.640338
cov: 0.040414 0.000807 0.000925
cov: 0.000807 0.000058 0.000471
cov: 0.000925 0.000471 0.023975
mean: 0.369245 3.536214 1.045079
cov: 0.012270 -0.002070 0.000958
cov: -0.002070 0.001558 0.000217
cov: 0.000958 0.000217 0.006796
mean: -0.126397 3.399005 -0.756720
cov: 0.007036 0.004059 0.000294
cov: 0.004059 0.007559 0.000439
cov: 0.000294 0.000439 0.000221
mean: 0.782434 4.703038 0.954039
cov: 0.006392 0.000274 0.001964
cov: 0.000274 0.000216 0.000050
cov: 0.001964 0.000050 0.015984
mean: 0.004677 4.671422 0.282430
cov: 0.013653 0.000385 -0.004430
cov: 0.000385 0.000306 -0.000453
cov: -0.004430 -0.000453 0.027326
mean: 1.035978 4.706804 0.582511
cov: 0.047222 0.002111 -0.012479
cov: 0.002111 0.000216 -0.000895
cov: -0.012479 -0.000895 0.017486
mean: -0.831908 2.888391 0.848466
cov: 0.000393 -0.000924 0.000876
cov: -0.000924 0.057108 -0.015546
cov: 0.000876 -0.015546 0.037220
mean: -0.239661 4.706554 0.295999
cov: 0.056183 0.003023 0.008096
cov: 0.003023 0.000300 0.000578
cov: 0.008096 0.000578 0.041959
mean: 1.071697 4.708249 0.990841
cov: 0.022860 0.001102 -0.000452
cov: 0.001102 0.000154 -0.000164
cov: -0.000452 -0.000164 0.017736
mean: 0.211876 4.681213 0.955727
cov: 0.025877 -0.000509 0.000323
cov: -0.000509 0.000230 0.000382
cov: 0.000323 0.000382 0.011270
mean: 0.044079 4.670586 -0.384646
cov: 0.012635 0.000239 0.001004
cov: 0.000239 0.001023 0.000168
cov: 0.001004 0.000168 0.041357
mean: 0.376058 4.730342 0.434412
cov: 0.118041 0.000449 -0.038154
cov: 0.000449 0.000020 -0.000037
cov: -0.038154 -0.000037 0.060166
mean: -0.842861 2.978195 1.371593
cov: 0.000656 -0.000525 0.000863
cov: -0.000525 0.157259 -0.016959
cov: 0.000863 -0.016959 0.022039
mean: -0.807805 3.478793 0.782369
cov: 0.000702 -0.002415 0.000683
cov: -0.002415 0.026685 -0.007300
cov: 0.000683 -0.007300 0.008188
mean: 0.107151 3.532332 1.069058
cov: 0.001830 0.000659 -0.001714
cov: 0.000659 0.006495 0.002526
cov: -0.001714 0.002526 0.008347
mean: -0.891466 3.485633 0.615047
cov: 0.000196 0.002720 -0.004167
cov: 0.002720 0.123001 -0.094407
cov: -0.004167 -0.094407 0.193587
mean: 0.513977 0.503858 -0.715698
cov: 0.112754 -0.068717 -0.001286
cov: -0.068717 0.256545 0.001094
cov: -0.001286 0.001094 0.000131
mean: -0.860083 1.273782 0.946411
cov: 0.000156 -0.000566 -0.000695
cov: -0.000566 0.025916 0.024565
cov: -0.000695 0.024565 0.062979
mean: -0.887130 2.287829 -0.028226
cov: 0.000185 -0.001868 -0.000603
cov: -0.001868 0.131137 -0.004913
cov: -0.000603 -0.004913 0.042179
mean: -0.875480 1.345648 0.405509
cov: 0.000223 -0.000365 0.000611
cov: -0.000365 0.028623 -0.008784
cov: 0.000611 -0.008784 0.030003
mean: -0.875178 1.428196 1.208864
cov: 0.000147 0.000620 0.000761
cov: 0.000620 0.037328 0.001339
cov: 0.000761 0.001339 0.025172
mean: -0.872354 1.515812 -0.048197
cov: 0.000081 -0.000492 0.000894
cov: -0.000492 0.013296 -0.003785
cov: 0.000894 -0.003785 0.024211
mean: -0.609886 1.311044 -0.727314
cov: 0.053210 -0.014401 -0.001180
cov: -0.014401 0.046345 0.000614
cov: -0.001180 0.000614 0.002262
mean: -0.870795 1.001445 -0.348807
cov: 0.000283 -0.001287 -0.000123
cov: -0.001287 0.026044 -0.004933
cov: -0.000123 -0.004933 0.037599
mean: 4.084683 3.491875 1.602580
cov: 0.000391 0.000929 0.000330
cov: 0.000929 0.005472 0.000696
cov: 0.000330 0.000696 0.002738
mean: -0.508656 1.617825 -0.743694
cov: 0.030519 -0.004006 -0.001385
cov: -0.004006 0.034524 0.000097
cov: -0.001385 0.000097 0.000509
mean: -0.884506 2.105592 0.692171
cov: 0.000144 -0.002234 0.000082
cov: -0.002234 0.113001 0.005310
cov: 0.000082 0.005310 0.014886
mean: 1.491606 3.119875 -0.740513
cov: 0.112228 0.053333 -0.000595
cov: 0.053333 0.052797 0.000083
cov: -0.000595 0.000083 0.000211
mean: -0.791526 1.397919 -0.010103
cov: 0.000256 -0.000693 -0.000392
cov: -0.000693 0.063100 0.018153
cov: -0.000392 0.018153 0.080491
mean: 0.023262 1.370561 0.045514
cov: 0.013033 0.002049 0.006950
cov: 0.002049 0.009037 0.009567
cov: 0.006950 0.009567 0.060079
mean: 1.544545 1.311046 -0.081715
cov: 0.033105 0.001067 0.007869
cov: 0.001067 0.000189 0.000645
cov: 0.007869 0.000645 0.046783
mean: 4.977513 4.810091 1.425179
cov: 0.044987 -0.000274 -0.001801
cov: -0.000274 0.000016 0.000485
cov: -0.001801 0.000485 0.015583
mean: 0.991309 4.699667 0.164458
cov: 0.056636 0.003803 -0.025990
cov: 0.003803 0.000444 -0.001288
cov: -0.025990 -0.001288 0.038530
mean: 0.183619 4.669165 1.401967
cov: 0.017116 0.000272 0.003371
cov: 0.000272 0.000168 -0.000136
cov: 0.003371 -0.000136 0.010420
mean: -0.149684 4.671237 1.343410
cov: 0.012197 0.000302 -0.000053
cov: 0.000302 0.000249 0.000225
cov: -0.000053 0.000225 0.013643
mean: 0.856025 4.696108 1.390613
cov: 0.021363 0.000151 -0.002218
cov: 0.000151 0.000292 -0.000024
cov: -0.002218 -0.000024 0.009187
mean: 0.343339 4.332935 -0.728899
cov: 0.081717 0.034152 -0.001290
cov: 0.034152 0.042702 -0.000100
cov: -0.001290 -0.000100 0.000698
mean: 0.317951 4.670008 0.555847
cov: 0.014707 -0.000083 -0.001136
cov: -0.000083 0.000171 -0.000052
cov: -0.001136 -0.000052 0.018873
mean: -0.078151 4.641207 0.131586
cov: 0.105122 -0.001494 -0.016403
cov: -0.001494 0.000157 0.001166
cov: -0.016403 0.001166 0.054484
mean: 0.854241 3.508375 1.218969
cov: 0.011711 0.000315 -0.003515
cov: 0.000315 0.000113 -0.000180
cov: -0.003515 -0.000180 0.013593
mean: 3.097563 4.761741 1.036533
cov: 0.078615 0.001351 0.013458
cov: 0.001351 0.000034 0.000374
cov: 0.013458 0.000374 0.027358
mean: 3.836579 4.774764 1.470270
cov: 0.023943 0.000174 -0.008016
cov: 0.000174 0.000008 -0.000309
cov: -0.008016 -0.000309 0.011965
mean: 2.242150 2.765066 1.561134
cov: 0.006594 -0.001007 0.000639
cov: -0.001007 0.001412 -0.000205
cov: 0.000639 -0.000205 0.002120
mean: -0.824921 1.620618 1.257589
cov: 0.000078 -0.000452 0.000065
cov: -0.000452 0.074795 -0.029816
cov: 0.000065 -0.029816 0.033499
mean: -0.788418 3.327848 1.288499
cov: 0.000096 0.000301 0.000036
cov: 0.000301 0.038839 -0.010862
cov: 0.000036 -0.010862 0.021064
mean: -0.785956 3.234787 0.676344
cov: 0.000134 -0.000028 0.000710
cov: -0.000028 0.014337 0.005892
cov: 0.000710 0.005892 0.047714
mean: -0.793626 -0.510504 0.057822
cov: 0.000179 -0.000760 0.000016
cov: -0.000760 0.034482 0.007265
cov: 0.000016 0.007265 0.008893
mean: -0.784746 2.760172 0.668349
cov: 0.000140 0.000088 0.000583
cov: 0.000088 0.044299 0.002969
cov: 0.000583 0.002969 0.059757
mean: -0.786059 2.816189 1.241397
cov: 0.000128 -0.000054 0.000008
cov: -0.000054 0.037024 0.000912
cov: 0.000008 0.000912 0.030414
mean: -0.788851 3.770073 1.209394
cov: 0.000131 -0.000397 -0.000279
cov: -0.000397 0.020563 -0.006494
cov: -0.000279 -0.006494 0.041166
mean: -0.783525 3.665389 0.231876
cov: 0.000116 -0.000156 0.000127
cov: -0.000156 0.018548 0.005462
cov: 0.000127 0.005462 0.026420
mean: -0.789433 3.613869 -0.401063
cov: 0.000179 0.000257 0.000344
cov: 0.000257 0.036467 0.006292
cov: 0.000344 0.006292 0.010914
mean: -0.469723 3.164446 -0.725885
cov: 0.046193 -0.007656 -0.001376
cov: -0.007656 0.084291 0.003911
cov: -0.001376 0.003911 0.001128
mean: -0.788830 2.895038 1.187160
cov: 0.000107 0.000160 0.000100
cov: 0.000160 0.003046 0.001453
cov: 0.000100 0.001453 0.001661
mean: 5.802564 4.747752 -0.256163
cov: 0.097272 0.000099 0.017283
cov: 0.000099 0.000081 0.000161
cov: 0.017283 0.000161 0.058372
mean: 6.949744 4.770950 1.019653
cov: 0.181295 0.001839 0.071344
cov: 0.001839 0.000048 0.000960
cov: 0.071344 0.000960 0.054606
mean: 5.830943 4.740166 1.145426
cov: 0.052645 0.000980 0.021524
cov: 0.000980 0.000128 0.000885
cov: 0.021524 0.000885 0.050925
mean: 6.278619 4.758928 1.264699
cov: 0.033250 0.000078 -0.004057
cov: 0.000078 0.000070 -0.000164
cov: -0.004057 -0.000164 0.025110
mean: 6.031339 4.755370 0.742275
cov: 0.021205 -0.000364 0.006450
cov: -0.000364 0.000098 -0.000377
cov: 0.006450 -0.000377 0.018086
mean: 6.199573 4.759159 0.374697
cov: 0.037765 0.000321 -0.002263
cov: 0.000321 0.000106 -0.000321
cov: -0.002263 -0.000321 0.016918
mean: -0.754346 3.647077 0.765231
cov: 0.000299 -0.000656 -0.000321
cov: -0.000656 0.021191 -0.007187
cov: -0.000321 -0.007187 0.222855
mean: 1.053655 4.734352 -0.197624
cov: 0.017298 0.000119 -0.008989
cov: 0.000119 0.000007 -0.000105
cov: -0.008989 -0.000105 0.028107
mean: 1.950346 0.978264 0.213275
cov: 0.000587 -0.001652 0.000959
cov: -0.001652 0.030109 -0.001881
cov: 0.000959 -0.001881 0.108597
mean: -0.772743 -0.597876 1.493710
cov: 0.000121 0.000410 -0.000299
cov: 0.000410 0.113809 0.005368
cov: -0.000299 0.005368 0.007047
mean: 6.763785 0.042152 0.263106
cov: 0.001071 0.000234 -0.003048
cov: 0.000234 0.024583 -0.011782
cov: -0.003048 -0.011782 0.059683
mean: 6.762706 0.220480 0.830230
cov: 0.000768 -0.005443 -0.002423
cov: -0.005443 0.116495 0.014641
cov: -0.002423 0.014641 0.048117
mean: 3.675285 0.784473 -0.025261
cov: 0.027082 -0.010281 0.003530
cov: -0.010281 0.017111 0.000353
cov: 0.003530 0.000353 0.019724
mean: 6.741193 0.726917 0.105286
cov: 0.000793 -0.001901 -0.001147
cov: -0.001901 0.030331 -0.002535
cov: -0.001147 -0.002535 0.031035
mean: 5.046798 -1.188097 0.376451
cov: 0.024695 0.000933 -0.013668
cov: 0.000933 0.000552 0.000930
cov: -0.013668 0.000930 0.056852
mean: 9.157629 1.378648 0.967124
cov: 0.000581 0.000310 -0.000489
cov: 0.000310 0.020156 -0.002780
cov: -0.000489 -0.002780 0.008206
mean: 8.853014 1.120416 -0.581601
cov: 0.094999 0.039825 0.014001
cov: 0.039825 0.082265 0.002038
cov: 0.014001 0.002038 0.026477
mean: 4.381665 -1.205988 1.409920
cov: 0.082248 -0.000067 0.006050
cov: -0.000067 0.001403 -0.002419
cov: 0.006050 -0.002419 0.012460
mean: 9.215272 0.941109 -0.182616
cov: 0.000059 -0.000316 -0.000470
cov: -0.000316 0.014570 0.003058
cov: -0.000470 0.003058 0.025321
mean: 3.418509 -1.198705 1.023836
cov: 0.011085 -0.001095 0.015073
cov: -0.001095 0.001889 -0.006436
cov: 0.015073 -0.006436 0.110489
mean: 7.608543 0.781244 -0.739854
cov: 0.032470 -0.002163 0.000328
cov: -0.002163 0.028863 -0.000385
cov: 0.000328 -0.000385 0.000064
mean: 1.249971 1.508188 -0.719353
cov: 0.179383 -0.055510 -0.006089
cov: -0.055510 0.024894 0.002002
cov: -0.006089 0.002002 0.000224
mean: 0.265145 -1.373747 -0.209931
cov: 0.008291 0.000192 0.004506
cov: 0.000192 0.000022 0.000129
cov: 0.004506 0.000129 0.013392
mean: -0.614238 -1.385712 0.195110
cov: 0.011647 -0.002640 0.010115
cov: -0.002640 0.000623 -0.001501
cov: 0.010115 -0.001501 0.039821
mean: 1.287554 -1.345772 1.470613
cov: 0.013221 0.001196 -0.002499
cov: 0.001196 0.000170 0.000097
cov: -0.002499 0.000097 0.003356
mean: 1.692724 2.427446 -0.022670
cov: 0.028952 0.000390 -0.018884
cov: 0.000390 0.000266 -0.000218
cov: -0.018884 -0.000218 0.039551
mean: 4.619434 3.394599 -0.674245
cov: 0.066067 0.003858 -0.000880
cov: 0.003858 0.147902 0.005010
cov: -0.000880 0.005010 0.009295
mean: 1.531748 1.486205 1.602823
cov: 0.000140 -0.000259 -0.000676
cov: -0.000259 0.002763 0.002161
cov: -0.000676 0.002161 0.003631
mean: -0.772354 -0.713768 0.983363
cov: 0.000087 0.000340 0.000837
cov: 0.000340 0.035099 0.001823
cov: 0.000837 0.001823 0.020751
mean: -0.077914 -0.715304 0.018654
cov: 0.019128 0.001118 -0.000313
cov: 0.001118 0.020430 -0.000269
cov: -0.000313 -0.000269 0.000027
mean: 0.483248 -0.019889 0.005007
cov: 0.019523 -0.003785 -0.002460
cov: -0.003785 0.042447 0.001080
cov: -0.002460 0.001080 0.000602
mean: -0.785917 -0.735379 -0.614634
cov: 0.000337 -0.000103 -0.000408
cov: -0.000103 0.016099 -0.000566
cov: -0.000408 -0.000566 0.005097
mean: -0.325470 -1.254357 -0.361857
cov: 0.003537 0.005482 -0.008151
cov: 0.005482 0.025286 -0.010490
cov: -0.008151 -0.010490 0.019113
mean: 1.776219 -1.309198 0.268625
cov: 0.021793 0.000454 -0.006348
cov: 0.000454 0.000054 -0.000212
cov: -0.006348 -0.000212 0.014616
mean: 0.043091 -1.280071 0.017953
cov: 0.011691 -0.001182 -0.027805
cov: -0.001182 0.019955 0.000321
cov: -0.027805 0.000321 0.066617
mean: -0.294140 0.157983 -0.691310
cov: 0.025304 -0.006864 -0.001146
cov: -0.006864 0.008069 0.000028
cov: -0.001146 0.000028 0.000068
mean: -0.702820 4.570783 -0.273598
cov: 0.019130 0.005669 -0.005121
cov: 0.005669 0.007582 0.001547
cov: -0.005121 0.001547 0.068995
mean: -0.359550 4.619222 0.966111
cov: 0.094181 -0.002212 -0.017390
cov: -0.002212 0.000597 -0.000890
cov: -0.017390 -0.000890 0.069161
mean: -0.342838 4.629185 1.430733
cov: 0.119935 -0.002998 0.000551
cov: -0.002998 0.000545 -0.000381
cov: 0.000551 -0.000381 0.014075
mean: -0.745399 4.564760 0.734031
cov: 0.017895 0.006379 0.000957
cov: 0.006379 0.007743 0.000722
cov: 0.000957 0.000722 0.050261
mean: -0.317504 4.612012 -0.149440
cov: 0.026275 -0.000761 0.016098
cov: -0.000761 0.000493 -0.002371
cov: 0.016098 -0.002371 0.116815
mean: -0.719231 4.574505 1.322734
cov: 0.028396 0.008688 0.005952
cov: 0.008688 0.010841 0.001028
cov: 0.005952 0.001028 0.037200
mean: 0.020617 1.054745 -0.532931
cov: 0.005494 -0.000078 0.000000
cov: -0.000078 0.003249 0.001278
cov: 0.000000 0.001278 0.005108
mean: 0.054847 1.165713 -0.513158
cov: 0.005975 -0.001485 -0.001286
cov: -0.001485 0.005505 0.000641
cov: -0.001286 0.000641 0.003532
mean: -0.384177 3.655586 -0.718653
cov: 0.038566 -0.044490 -0.000814
cov: -0.044490 0.152212 0.001172
cov: -0.000814 0.001172 0.000151
mean: 0.129099 1.198181 0.010440
cov: 0.005837 0.004235 0.001926
cov: 0.004235 0.008037 0.004830
cov: 0.001926 0.004830 0.009949
mean: 0.214022 1.398464 -0.754224
cov: 0.041232 0.009273 -0.000232
cov: 0.009273 0.015076 -0.000854
cov: -0.000232 -0.000854 0.000577
mean: -0.361624 0.362999 -0.028739
cov: 0.001378 -0.000702 0.000080
cov: -0.000702 0.003491 0.000012
cov: 0.000080 0.000012 0.000031
mean: -0.245859 0.633159 -0.029648
cov: 0.008117 -0.000674 -0.000115
cov: -0.000674 0.001424 0.000113
cov: -0.000115 0.000113 0.000096
mean: -0.049351 0.653882 -0.031787
cov: 0.002002 -0.000002 -0.000186
cov: -0.000002 0.001970 0.000270
cov: -0.000186 0.000270 0.000262
mean: -0.796683 0.305484 -0.037152
cov: 0.000125 -0.000107 0.000099
cov: -0.000107 0.003565 -0.000398
cov: 0.000099 -0.000398 0.005177
mean: -0.092885 1.142138 0.550044
cov: 0.002107 0.001492 0.002628
cov: 0.001492 0.001921 0.001975
cov: 0.002628 0.001975 0.004585
mean: -0.800422 0.339569 0.445316
cov: 0.000187 -0.000051 0.000105
cov: -0.000051 0.002792 0.000407
cov: 0.000105 0.000407 0.003179
mean: -0.802007 0.332583 -0.244120
cov: 0.000117 -0.000164 -0.000019
cov: -0.000164 0.004601 -0.001524
cov: -0.000019 -0.001524 0.003604
mean: -0.797576 0.332202 0.241553
cov: 0.000211 0.000477 -0.000026
cov: 0.000477 0.004493 0.002114
cov: -0.000026 0.002114 0.004771
mean: -0.797858 0.902258 1.471471
cov: 0.000157 0.000305 -0.000057
cov: 0.000305 0.003495 0.000261
cov: -0.000057 0.000261 0.001492
mean: -0.794936 2.605752 0.820031
cov: 0.000075 -0.000254 0.000190
cov: -0.000254 0.009393 -0.001043
cov: 0.000190 -0.001043 0.004514
mean: -0.828445 1.952781 0.939478
cov: 0.000040 -0.000022 -0.000005
cov: -0.000022 0.005049 -0.001047
cov: -0.000005 -0.001047 0.003556
mean: -0.793270 1.294836 1.062433
cov: 0.000118 0.000084 0.000054
cov: 0.000084 0.004277 0.000480
cov: 0.000054 0.000480 0.003794
mean: -0.792360 3.277041 0.287679
cov: 0.000056 -0.000073 -0.000056
cov: -0.000073 0.004746 0.001206
cov: -0.000056 0.001206 0.007526
mean: -0.796105 3.094346 1.262796
cov: 0.000025 -0.000077 -0.000060
cov: -0.000077 0.011351 -0.004686
cov: -0.000060 -0.004686 0.009482
mean: -0.793106 1.990947 1.302062
cov: 0.000059 0.000073 0.000059
cov: 0.000073 0.010103 0.000557
cov: 0.000059 0.000557 0.013976
mean: -0.794473 0.915411 1.084886
cov: 0.000163 0.000117 -0.000042
cov: 0.000117 0.003064 0.000026
cov: -0.000042 0.000026 0.003153
mean: -0.791196 1.593493 1.435598
cov: 0.000116 -0.000072 -0.000089
cov: -0.000072 0.003347 0.001348
cov: -0.000089 0.001348 0.002697
mean: -0.796231 2.564631 0.087860
cov: 0.000035 0.000091 0.000082
cov: 0.000091 0.004528 0.001496
cov: 0.000082 0.001496 0.003764
mean: -0.829554 2.053627 0.727888
cov: 0.000023 0.000010 0.000033
cov: 0.000010 0.002376 -0.001618
cov: 0.000033 -0.001618 0.003280
mean: -0.791759 1.098235 1.203974
cov: 0.000140 -0.000056 0.000081
cov: -0.000056 0.004105 -0.000448
cov: 0.000081 -0.000448 0.003070
mean: -0.793827 2.888833 1.083671
cov: 0.000028 -0.000004 -0.000215
cov: -0.000004 0.004684 -0.001986
cov: -0.000215 -0.001986 0.010125
mean: -0.794700 3.188898 0.947219
cov: 0.000040 0.000077 0.000165
cov: 0.000077 0.012357 0.004610
cov: 0.000165 0.004610 0.009490
mean: -0.789653 0.988697 0.761852
cov: 0.000142 -0.000044 -0.000123
cov: -0.000044 0.003703 0.000324
cov: -0.000123 0.000324 0.002079
mean: -0.795110 2.380170 1.085481
cov: 0.000040 0.000028 -0.000022
cov: 0.000028 0.009354 -0.000610
cov: -0.000022 -0.000610 0.006792
mean: -0.795103 2.990192 0.563133
cov: 0.000061 0.000080 -0.000150
cov: 0.000080 0.004145 0.002165
cov: -0.000150 0.002165 0.007263
mean: -0.793687 2.992722 -0.005356
cov: 0.000037 0.000136 0.000098
cov: 0.000136 0.004044 0.001619
cov: 0.000098 0.001619 0.005958
mean: -0.793255 2.488965 1.494244
cov: 0.000038 0.000040 -0.000011
cov: 0.000040 0.004016 0.000311
cov: -0.000011 0.000311 0.001971
mean: -0.826845 1.881365 1.398587
cov: 0.000048 -0.000005 -0.000018
cov: -0.000005 0.003052 -0.001472
cov: -0.000018 -0.001472 0.005039
mean: -0.793270 1.634829 0.864719
cov: 0.000101 0.000093 -0.000049
cov: 0.000093 0.002885 -0.001140
cov: -0.000049 -0.001140 0.004245
mean: -0.793479 1.116021 1.481943
cov: 0.000229 -0.000209 -0.000106
cov: -0.000209 0.004253 0.000393
cov: -0.000106 0.000393 0.000619
mean: -0.792720 2.588975 0.369414
cov: 0.000071 0.000158 -0.000280
cov: 0.000158 0.004810 -0.002141
cov: -0.000280 -0.002141 0.005743
mean: -0.833492 2.256036 0.493446
cov: 0.000015 -0.000070 0.000128
cov: -0.000070 0.005255 -0.003080
cov: 0.000128 -0.003080 0.007867
mean: -0.791159 1.170288 0.862142
cov: 0.000118 0.000007 -0.000095
cov: 0.000007 0.002635 0.000319
cov: -0.000095 0.000319 0.003160
mean: -0.791900 2.190826 0.961830
cov: 0.000035 -0.000035 0.000034
cov: -0.000035 0.000873 -0.000519
cov: 0.000034 -0.000519 0.003460
mean: -0.792656 1.436302 1.300741
cov: 0.000189 0.000161 -0.000055
cov: 0.000161 0.000388 -0.000152
cov: -0.000055 -0.000152 0.000969
mean: -0.793152 3.315243 1.381671
cov: 0.000031 -0.000126 -0.000075
cov: -0.000126 0.011900 -0.004197
cov: -0.000075 -0.004197 0.012393
mean: -0.798837 0.908922 0.624378
cov: 0.000124 0.000060 -0.000029
cov: 0.000060 0.002060 -0.001003
cov: -0.000029 -0.001003 0.002729
mean: -0.796605 1.333149 1.284882
cov: 0.000118 0.000035 -0.000052
cov: 0.000035 0.003470 -0.000031
cov: -0.000052 -0.000031 0.004354
mean: -0.791145 1.405043 0.921840
cov: 0.000126 -0.000073 0.000041
cov: -0.000073 0.004306 0.000430
cov: 0.000041 0.000430 0.002087
mean: -0.793265 2.043023 0.488618
cov: 0.000093 -0.000201 -0.000148
cov: -0.000201 0.006565 0.000772
cov: -0.000148 0.000772 0.002645
mean: -0.793868 2.827635 1.437326
cov: 0.000055 0.000090 -0.000026
cov: 0.000090 0.007995 -0.000138
cov: -0.000026 -0.000138 0.004936
mean: -0.790498 2.863812 0.366789
cov: 0.000041 -0.000074 -0.000097
cov: -0.000074 0.010547 -0.000790
cov: -0.000097 -0.000790 0.004032
mean: -0.797077 3.197347 0.532557
cov: 0.000065 0.000002 0.000147
cov: 0.000002 0.004962 -0.000280
cov: 0.000147 -0.000280 0.010904
mean: -0.793162 1.794381 1.143558
cov: 0.000160 -0.000085 -0.000008
cov: -0.000085 0.002518 -0.000232
cov: -0.000008 -0.000232 0.003334
mean: -0.795527 1.379787 0.757242
cov: 0.000102 0.000099 0.000004
cov: 0.000099 0.003503 -0.000751
cov: 0.000004 -0.000751 0.003551
mean: -0.792662 1.482951 1.197161
cov: 0.000155 0.000126 0.000088
cov: 0.000126 0.002622 -0.000425
cov: 0.000088 -0.000425 0.001498
mean: -0.795802 2.411002 0.296283
cov: 0.000083 0.000065 0.000035
cov: 0.000065 0.004376 -0.002272
cov: 0.000035 -0.002272 0.006237
mean: -0.792171 0.909655 1.298738
cov: 0.000115 -0.000054 0.000087
cov: -0.000054 0.002691 0.000446
cov: 0.000087 0.000446 0.003644
mean: -0.795295 3.201852 -0.169906
cov: 0.000052 -0.000214 0.000098
cov: -0.000214 0.008606 -0.002964
cov: 0.000098 -0.002964 0.002566
mean: -0.793486 2.604668 0.587449
cov: 0.000058 -0.000002 -0.000044
cov: -0.000002 0.004537 -0.000541
cov: -0.000044 -0.000541 0.003771
mean: -0.791412 1.832984 1.435453
cov: 0.000073 -0.000049 0.000003
cov: -0.000049 0.002797 0.000013
cov: 0.000003 0.000013 0.002565
mean: -0.799378 1.066955 0.985730
cov: 0.000138 -0.000093 0.000032
cov: -0.000093 0.002484 0.001188
cov: 0.000032 0.001188 0.003526
mean: -0.792967 2.601682 1.334107
cov: 0.000030 0.000008 0.000027
cov: 0.000008 0.005621 0.000458
cov: 0.000027 0.000458 0.005614
mean: -0.795502 2.303972 1.385933
cov: 0.000068 0.000034 0.000150
cov: 0.000034 0.005828 -0.001970
cov: 0.000150 -0.001970 0.007258
mean: -0.796424 2.760777 0.012794
cov: 0.000053 -0.000048 -0.000086
cov: -0.000048 0.003759 -0.001297
cov: -0.000086 -0.001297 0.004621
mean: -0.796534 1.129638 1.369925
cov: 0.000131 0.000024 0.000166
cov: 0.000024 0.004536 -0.000490
cov: 0.000166 -0.000490 0.001796
mean: -0.796442 3.356504 0.748488
cov: 0.000048 -0.000113 0.000129
cov: -0.000113 0.003308 0.001289
cov: 0.000129 0.001289 0.014017
mean: -0.793879 0.902185 0.890642
cov: 0.000170 0.000170 -0.000034
cov: 0.000170 0.001927 0.000395
cov: -0.000034 0.000395 0.002787
mean: -0.792551 2.852805 0.706394
cov: 0.000043 -0.000018 0.000083
cov: -0.000018 0.005566 0.003363
cov: 0.000083 0.003363 0.008343
mean: -0.799572 3.266502 0.002099
cov: 0.000035 -0.000074 0.000013
cov: -0.000074 0.004707 -0.000943
cov: 0.000013 -0.000943 0.005130
mean: -0.794048 2.680876 1.048786
cov: 0.000048 0.000124 0.000030
cov: 0.000124 0.005079 -0.001976
cov: 0.000030 -0.001976 0.008664
mean: -0.793002 1.684772 1.370973
cov: 0.000178 -0.000036 -0.000100
cov: -0.000036 0.004293 0.003684
cov: -0.000100 0.003684 0.006892
mean: -0.792788 2.306334 0.138506
cov: 0.000091 0.000203 -0.000001
cov: 0.000203 0.003968 -0.000281
cov: -0.000001 -0.000281 0.001388
mean: -0.795782 2.938824 0.182089
cov: 0.000045 -0.000110 -0.000041
cov: -0.000110 0.011304 0.001201
cov: -0.000041 0.001201 0.002445
mean: -0.796376 1.325827 1.474435
cov: 0.000108 -0.000007 -0.000053
cov: -0.000007 0.002945 -0.000028
cov: -0.000053 -0.000028 0.001471
mean: -0.791944 1.472650 1.454708
cov: 0.000165 0.000037 -0.000032
cov: 0.000037 0.001131 0.000721
cov: -0.000032 0.000721 0.003012
mean: -0.794210 2.167101 0.917497
cov: 0.000022 -0.000001 0.000042
cov: -0.000001 0.000916 0.000045
cov: 0.000042 0.000045 0.000364
mean: 0.138008 3.326294 -0.076336
cov: 0.000149 -0.000621 -0.000108
cov: -0.000621 0.004092 0.000132
cov: -0.000108 0.000132 0.007842
mean: -0.837144 2.574291 0.125933
cov: 0.000015 -0.000295 -0.000081
cov: -0.000295 0.012262 0.000415
cov: -0.000081 0.000415 0.005537
mean: 0.134374 3.314242 -0.317141
cov: 0.000130 -0.000405 0.000165
cov: -0.000405 0.004160 -0.003689
cov: 0.000165 -0.003689 0.008445
mean: 3.230149 4.757175 1.355556
cov: 0.014385 0.000256 -0.009206
cov: 0.000256 0.000012 0.000179
cov: -0.009206 0.000179 0.026574
mean: 3.167972 4.760133 0.289331
cov: 0.022083 0.001363 0.000922
cov: 0.001363 0.000095 -0.000231
cov: 0.000922 -0.000231 0.020953
mean: 6.922504 4.065053 -0.729215
cov: 0.097032 0.027817 0.003818
cov: 0.027817 0.048350 0.000673
cov: 0.003818 0.000673 0.000586
mean: 5.255580 4.714660 1.109370
cov: 0.039191 0.000282 0.023012
cov: 0.000282 0.000062 -0.000267
cov: 0.023012 -0.000267 0.065802
mean: 5.025389 3.585936 -0.395323
cov: 0.034593 -0.009674 -0.019797
cov: -0.009674 0.010850 0.008270
cov: -0.019797 0.008270 0.080220
mean: 1.978361 0.928518 -0.163024
cov: 0.000202 -0.000547 -0.001105
cov: -0.000547 0.018326 -0.002871
cov: -0.001105 -0.002871 0.024855
mean: -0.757075 1.880437 -0.397244
cov: 0.000051 -0.000719 -0.000143
cov: -0.000719 0.010780 0.000401
cov: -0.000143 0.000401 0.004923
mean: 1.558437 1.739227 1.448164
cov: 0.000061 -0.000038 -0.000108
cov: -0.000038 0.003384 0.000783
cov: -0.000108 0.000783 0.016730
mean: 0.362505 2.485663 -0.157887
cov: 0.002517 0.003232 -0.000916
cov: 0.003232 0.006928 0.000518
cov: -0.000916 0.000518 0.001434
mean: 1.463154 2.763249 1.575795
cov: 0.004863 0.000031 0.001579
cov: 0.000031 0.000025 0.000119
cov: 0.001579 0.000119 0.005229
mean: 1.565541 1.795598 1.108008
cov: 0.000137 0.000065 -0.000885
cov: 0.000065 0.002713 -0.000995
cov: -0.000885 -0.000995 0.007392
mean: 7.445155 4.771142 0.009199
cov: 0.129369 0.002122 0.013536
cov: 0.002122 0.000054 0.000412
cov: 0.013536 0.000412 0.062042
mean: 5.471321 4.707733 1.343262
cov: 0.002319 0.000125 -0.000134
cov: 0.000125 0.000135 0.000012
cov: -0.000134 0.000012 0.004645
mean: 8.635872 -1.232005 -0.023654
cov: 0.013785 0.001384 -0.002771
cov: 0.001384 0.000302 -0.000317
cov: -0.002771 -0.000317 0.011151
mean: 7.914521 4.737709 0.412561
cov: 0.081285 0.002468 0.036353
cov: 0.002468 0.000146 0.001350
cov: 0.036353 0.001350 0.053746
mean: 6.745575 3.099863 1.621912
cov: 0.003449 -0.000581 0.000400
cov: -0.000581 0.004428 0.000367
cov: 0.000400 0.000367 0.000211
mean: 5.092502 2.391488 0.704682
cov: 0.005374 -0.001615 -0.000984
cov: -0.001615 0.004998 0.001132
cov: -0.000984 0.001132 0.049422
mean: 6.524371 3.262593 1.626657
cov: 0.002405 -0.000476 0.000054
cov: -0.000476 0.000653 -0.000009
cov: 0.000054 -0.000009 0.000013
mean: 9.165580 2.120620 1.506138
cov: 0.000517 -0.000720 -0.000548
cov: -0.000720 0.007204 -0.000169
cov: -0.000548 -0.000169 0.000873
mean: 6.382696 3.316268 1.626450
cov: 0.001236 -0.000615 -0.000022
cov: -0.000615 0.001356 0.000012
cov: -0.000022 0.000012 0.000027
mean: 5.061917 2.382528 1.443437
cov: 0.021137 -0.003564 -0.004413
cov: -0.003564 0.010075 0.000968
cov: -0.004413 0.000968 0.015492
mean: 7.611748 0.081840 -0.686118
cov: 0.010978 -0.005421 0.000242
cov: -0.005421 0.016634 -0.000326
cov: 0.000242 -0.000326 0.000008
mean: 6.302750 3.306371 1.616608
cov: 0.000246 -0.000114 0.000074
cov: -0.000114 0.001171 0.000169
cov: 0.000074 0.000169 0.000208
mean: 5.055868 2.353679 -0.668719
cov: 0.045435 -0.024944 -0.002477
cov: -0.024944 0.041929 0.000539
cov: -0.002477 0.000539 0.008114
mean: 1.585186 1.794547 1.605025
cov: 0.000295 0.000096 -0.000110
cov: 0.000096 0.017380 -0.000545
cov: -0.000110 -0.000545 0.004469
mean: 8.826548 -1.249952 1.504167
cov: 0.001536 0.000101 0.000060
cov: 0.000101 0.000054 -0.000003
cov: 0.000060 -0.000003 0.004142
mean: 4.842671 2.429184 1.611756
cov: 0.011524 0.000011 -0.001199
cov: 0.000011 0.000079 -0.000146
cov: -0.001199 -0.000146 0.001337
mean: 6.876638 0.545727 1.658927
cov: 0.006965 -0.003272 0.000383
cov: -0.003272 0.007896 0.000317
cov: 0.000383 0.000317 0.000060
mean: 5.122375 2.239110 1.171777
cov: 0.001344 0.000211 0.001006
cov: 0.000211 0.016502 -0.003601
cov: 0.001006 -0.003601 0.028086
mean: 8.560096 -1.266128 1.514885
cov: 0.016951 0.001124 -0.000887
cov: 0.001124 0.000278 -0.000502
cov: -0.000887 -0.000502 0.001809
mean: 6.186068 1.262337 1.607264
cov: 0.008162 -0.002013 -0.000366
cov: -0.002013 0.001467 -0.000544
cov: -0.000366 -0.000544 0.001919
mean: 1.580578 1.924335 1.234329
cov: 0.000986 -0.001788 0.002944
cov: -0.001788 0.052654 -0.013350
cov: 0.002944 -0.013350 0.020652
mean: 1.592877 1.855446 1.398153
cov: 0.000041 0.000281 -0.000377
cov: 0.000281 0.034682 -0.002617
cov: -0.000377 -0.002617 0.036696
mean: 1.055935 3.275146 0.543167
cov: 0.021885 0.004247 0.006003
cov: 0.004247 0.000846 0.000804
cov: 0.006003 0.000804 0.082366
mean: 1.812346 -0.357128 -0.685829
cov: 0.064087 -0.022182 -0.001106
cov: -0.022182 0.234093 -0.000962
cov: -0.001106 -0.000962 0.000027
mean: 1.069515 3.281132 -0.125300
cov: 0.019913 0.004303 -0.004562
cov: 0.004303 0.000994 -0.000801
cov: -0.004562 -0.000801 0.032881
mean: 0.156167 -0.187330 0.044742
cov: 0.000000 -0.000000 0.000000
cov: -0.000000 0.000000 -0.000000
cov: 0.000000 -0.000000 0.000000
mean: 1.800760 -0.444428 -0.696922
cov: 0.043178 -0.007741 0.000414
cov: -0.007741 0.027132 -0.000879
cov: 0.000414 -0.000879 0.000034
mean: 6.729523 0.212888 0.996332
cov: 0.000307 -0.000141 -0.000351
cov: -0.000141 0.002584 -0.000095
cov: -0.000351 -0.000095 0.081104
mean: 4.812927 4.608338 -0.473583
cov: 0.061762 0.004649 0.006249
cov: 0.004649 0.004468 0.008270
cov: 0.006249 0.008270 0.057752
mean: 5.097291 2.319650 -0.177249
cov: 0.004606 -0.000615 -0.001344
cov: -0.000615 0.013804 0.002709
cov: -0.001344 0.002709 0.048611
mean: 5.271225 4.639485 0.907772
cov: 0.094508 0.001813 -0.005961
cov: 0.001813 0.000162 0.000076
cov: -0.005961 0.000076 0.079961
mean: 4.335402 2.827049 0.712028
cov: 0.000187 -0.000248 0.000132
cov: -0.000248 0.019589 -0.002303
cov: 0.000132 -0.002303 0.076401
mean: 4.340440 2.749940 1.394502
cov: 0.001072 -0.002358 0.000524
cov: -0.002358 0.038110 -0.007276
cov: 0.000524 -0.007276 0.032698
mean: 5.666564 4.658095 1.370574
cov: 0.089634 0.003378 0.004146
cov: 0.003378 0.000253 0.000361
cov: 0.004146 0.000361 0.012978
mean: 5.506107 4.641020 -0.025151
cov: 0.098531 0.002692 -0.023570
cov: 0.002692 0.000241 -0.000719
cov: -0.023570 -0.000719 0.076521
mean: 4.343958 2.723329 0.115933
cov: 0.001755 -0.003090 0.000402
cov: -0.003090 0.035580 -0.002392
cov: 0.000402 -0.002392 0.028412
mean: 4.399354 2.498118 0.735269
cov: 0.008953 -0.004808 -0.002842
cov: -0.004808 0.011038 -0.000293
cov: -0.002842 -0.000293 0.102939
mean: 7.859249 3.458279 -0.391479
cov: 0.000425 -0.000593 0.000737
cov: -0.000593 0.030044 0.003059
cov: 0.000737 0.003059 0.022991
mean: 7.858973 3.979738 -0.402307
cov: 0.000528 0.000418 0.000137
cov: 0.000418 0.013365 -0.002047
cov: 0.000137 -0.002047 0.019688
mean: 8.595177 4.708834 -0.644865
cov: 0.032459 -0.000948 -0.002666
cov: -0.000948 0.005926 0.004719
cov: -0.002666 0.004719 0.016809
mean: 7.026736 3.395523 -0.148510
cov: 0.010902 -0.000408 -0.004659
cov: -0.000408 0.000749 0.000258
cov: -0.004659 0.000258 0.025382
mean: 7.077597 3.393517 0.563537
cov: 0.014030 -0.000300 0.004234
cov: -0.000300 0.000345 -0.000026
cov: 0.004234 -0.000026 0.030895
mean: 7.025877 3.395289 0.238634
cov: 0.009686 0.000012 -0.003332
cov: 0.000012 0.000398 0.000266
cov: -0.003332 0.000266 0.011735
mean: 8.170485 2.093256 -0.722536
cov: 0.075038 -0.041705 0.002158
cov: -0.041705 0.170799 -0.003723
cov: 0.002158 -0.003723 0.000123
mean: 7.052764 3.512057 -0.746095
cov: 0.013087 -0.000489 0.000152
cov: -0.000489 0.017170 -0.002635
cov: 0.000152 -0.002635 0.001851
mean: 6.924648 3.399361 -0.396525
cov: 0.010369 -0.000061 -0.003642
cov: -0.000061 0.000277 0.000185
cov: -0.003642 0.000185 0.017814
mean: 9.125736 2.022225 1.213658
cov: 0.000169 -0.001232 -0.000428
cov: -0.001232 0.136973 0.027610
cov: -0.000428 0.027610 0.073170
mean: 8.387544 0.890002 0.232146
cov: 0.005072 0.000101 -0.000722
cov: 0.000101 0.003741 -0.000906
cov: -0.000722 -0.000906 0.057649
mean: 6.183257 4.109932 -0.762664
cov: 0.025157 -0.004583 -0.000493
cov: -0.004583 0.032582 0.000063
cov: -0.000493 0.000063 0.000098
mean: 8.440798 2.430748 -0.743481
cov: 0.005354 -0.003391 0.000359
cov: -0.003391 0.008437 -0.000445
cov: 0.000359 -0.000445 0.000036
mean: 9.232830 -0.145829 0.095067
cov: 0.000013 -0.000121 -0.000162
cov: -0.000121 0.021941 -0.001281
cov: -0.000162 -0.001281 0.036099
mean: 7.454243 3.699553 -0.769662
cov: 0.001285 -0.000599 -0.000026
cov: -0.000599 0.000908 0.000032
cov: -0.000026 0.000032 0.000155
mean: 9.224135 0.403926 1.017317
cov: 0.000019 0.000085 -0.000377
cov: 0.000085 0.028623 -0.001741
cov: -0.000377 -0.001741 0.025530
mean: 9.232582 -0.186123 1.292996
cov: 0.000034 -0.000207 -0.000686
cov: -0.000207 0.016139 0.000085
cov: -0.000686 0.000085 0.038922
mean: 9.234055 -0.000250 -0.387890
cov: 0.000033 -0.000321 -0.000414
cov: -0.000321 0.041768 0.020445
cov: -0.000414 0.020445 0.024626
mean: 9.233238 0.009706 0.654905
cov: 0.000103 -0.001940 0.000316
cov: -0.001940 0.041983 -0.005286
cov: 0.000316 -0.005286 0.028173
mean: 9.203061 1.472380 1.434542
cov: 0.000030 -0.000000 -0.000112
cov: -0.000000 0.011182 -0.002528
cov: -0.000112 -0.002528 0.009005
mean: 4.679912 2.427622 -0.274395
cov: 0.040235 -0.000062 0.016292
cov: -0.000062 0.000727 -0.000811
cov: 0.016292 -0.000811 0.076631
mean: 6.105981 3.621355 -0.763576
cov: 0.045786 0.019211 -0.000845
cov: 0.019211 0.036709 -0.000463
cov: -0.000845 -0.000463 0.000121
mean: 4.684206 2.425273 0.999810
cov: 0.031269 -0.000273 -0.016259
cov: -0.000273 0.000369 0.000588
cov: -0.016259 0.000588 0.129320
mean: 4.658990 3.605481 0.124002
cov: 0.044708 0.000862 -0.005339
cov: 0.000862 0.000045 0.000115
cov: -0.005339 0.000115 0.212726
mean: 5.111864 3.533062 1.188788
cov: 0.006020 -0.002445 0.000560
cov: -0.002445 0.004667 -0.000049
cov: 0.000560 -0.000049 0.076518
mean: 5.113635 3.532774 0.215942
cov: 0.005706 -0.002318 -0.002143
cov: -0.002318 0.004648 0.001314
cov: -0.002143 0.001314 0.092463
mean: 6.648967 4.691377 -0.052156
cov: 0.005268 -0.000001 0.000987
cov: -0.000001 0.000195 -0.000041
cov: 0.000987 -0.000041 0.009123
mean: 6.515587 4.544104 -0.763066
cov: 0.010889 0.004322 -0.000148
cov: 0.004322 0.016675 0.000583
cov: -0.000148 0.000583 0.000453
mean: 6.415253 4.685833 0.442964
cov: 0.031236 0.000825 -0.004067
cov: 0.000825 0.000119 -0.000082
cov: -0.004067 -0.000082 0.019646
mean: 6.609865 4.687136 -0.588111
cov: 0.011800 0.000416 0.004896
cov: 0.000416 0.000331 0.000443
cov: 0.004896 0.000443 0.008850
mean: 6.551867 4.688958 0.159469
cov: 0.018729 0.000331 0.002491
cov: 0.000331 0.000154 0.000061
cov: 0.002491 0.000061 0.008355
mean: 6.754128 4.689083 -0.108315
cov: 0.000821 -0.000096 0.000173
cov: -0.000096 0.000274 0.000027
cov: 0.000173 0.000027 0.001169
mean: 6.794607 4.679851 -0.284675
cov: 0.000990 -0.000005 0.000225
cov: -0.000005 0.000258 0.000053
cov: 0.000225 0.000053 0.002758
mean: 4.960672 3.030796 -0.736607
cov: 0.166418 -0.061462 -0.004406
cov: -0.061462 0.222534 0.002528
cov: -0.004406 0.002528 0.000139
mean: 6.485999 4.686895 -0.362197
cov: 0.033744 0.000863 0.000032
cov: 0.000863 0.000139 -0.000092
cov: 0.000032 -0.000092 0.014790
mean: 6.799978 4.676922 0.087166
cov: 0.000746 0.000009 0.000332
cov: 0.000009 0.000269 0.000092
cov: 0.000332 0.000092 0.002392
mean: 0.998511 3.313537 -0.322084
cov: 0.013082 -0.008411 -0.004021
cov: -0.008411 0.005411 0.002672
cov: -0.004021 0.002672 0.014738
mean: 6.656549 4.655824 -0.254063
cov: 0.016297 0.000287 -0.000316
cov: 0.000287 0.000360 0.000460
cov: -0.000316 0.000460 0.015443
mean: 6.864510 4.653184 -0.163924
cov: 0.002777 -0.000091 -0.001020
cov: -0.000091 0.000181 0.000252
cov: -0.001020 0.000252 0.005696
mean: 6.799407 4.645877 -0.585432
cov: 0.008014 0.000221 0.000370
cov: 0.000221 0.000277 0.000113
cov: 0.000370 0.000113 0.006524
mean: 6.881895 4.656484 0.158338
cov: 0.001780 0.000125 0.000176
cov: 0.000125 0.000234 -0.000112
cov: 0.000176 -0.000112 0.004132
mean: 2.815123 3.464772 0.268501
cov: 0.006693 0.005437 -0.010127
cov: 0.005437 0.011617 -0.015972
cov: -0.010127 -0.015972 0.072514
mean: 5.552158 4.664809 -0.030069
cov: 0.085185 0.001861 -0.007081
cov: 0.001861 0.000058 -0.000177
cov: -0.007081 -0.000177 0.088134
mean: 5.726766 4.669795 0.931935
cov: 0.060835 0.001435 -0.015477
cov: 0.001435 0.000053 -0.000362
cov: -0.015477 -0.000362 0.054698
mean: 3.800478 0.649781 0.189896
cov: 0.000000 0.000000 0.000000
cov: 0.000000 0.000000 0.000000
cov: 0.000000 0.000000 0.000000
mean: 3.793844 0.642137 0.190704
cov: 0.000000 0.000000 0.000000
cov: 0.000000 0.000000 0.000000
cov: 0.000000 0.000000 0.000000
mean: 3.814447 0.665875 0.188193
cov: 0.000000 0.000000 0.000000
cov: 0.000000 0.000000 0.000000
cov: 0.000000 0.000000 0.000000
mean: 0.325516 2.871834 -0.389944
cov: 0.000175 0.000584 0.001539
cov: 0.000584 0.007870 0.004584
cov: 0.001539 0.004584 0.022716
mean: 6.312396 4.641191 -0.440328
cov: 0.053767 0.000124 -0.015884
cov: 0.000124 0.000109 -0.000157
cov: -0.015884 -0.000157 0.027232
mean: 6.962286 4.647300 0.186275
cov: 0.005751 0.000087 -0.003735
cov: 0.000087 0.000174 0.000095
cov: -0.003735 0.000095 0.011886
mean: 4.075294 4.045765 -0.738996
cov: 0.095319 0.003877 -0.001293
cov: 0.003877 0.020051 0.000518
cov: -0.001293 0.000518 0.000056
mean: 7.037950 4.651979 0.142227
cov: 0.000382 0.000067 -0.000197
cov: 0.000067 0.000285 0.000068
cov: -0.000197 0.000068 0.001762
mean: 7.093791 4.646544 -0.590231
cov: 0.001005 0.000084 0.001049
cov: 0.000084 0.000211 -0.000110
cov: 0.001049 -0.000110 0.002303
mean: 4.967663 4.629732 1.256452
cov: 0.099924 0.001020 -0.004692
cov: 0.001020 0.000017 -0.000016
cov: -0.004692 -0.000016 0.041821
mean: 1.724473 4.498288 -0.562304
cov: 0.018733 0.011937 -0.003903
cov: 0.011937 0.018254 0.013687
cov: -0.003903 0.013687 0.037701
mean: 5.162723 4.631518 0.011045
cov: 0.041742 0.000331 -0.002866
cov: 0.000331 0.000010 -0.000076
cov: -0.002866 -0.000076 0.050347
mean: 7.010861 4.646449 -0.134869
cov: 0.004531 0.000093 -0.000264
cov: 0.000093 0.000259 -0.000062
cov: -0.000264 -0.000062 0.006913
mean: 7.052094 4.649453 -0.288131
cov: 0.000577 0.000076 0.000191
cov: 0.000076 0.000264 0.000005
cov: 0.000191 0.000005 0.004625
mean: 7.059438 4.651234 -0.435725
cov: 0.000314 0.000068 -0.000030
cov: 0.000068 0.000221 0.000044
cov: -0.000030 0.000044 0.000859
mean: 6.960508 4.646005 -0.385067
cov: 0.007237 0.000062 -0.001560
cov: 0.000062 0.000188 -0.000050
cov: -0.001560 -0.000050 0.005642
mean: 5.940242 4.636770 1.083851
cov: 0.035555 0.000184 -0.012620
cov: 0.000184 0.000026 -0.000034
cov: -0.012620 -0.000034 0.030341
mean: 1.732503 4.462021 -0.662392
cov: 0.025456 0.017736 -0.001304
cov: 0.017736 0.020565 0.004519
cov: -0.001304 0.004519 0.003849
mean: 4.984093 4.119339 -0.740870
cov: 0.064811 -0.011905 -0.001722
cov: -0.011905 0.037060 0.000728
cov: -0.001722 0.000728 0.000292
mean: 7.191324 4.636921 -0.583641
cov: 0.000800 0.000089 0.000255
cov: 0.000089 0.000179 -0.000001
cov: 0.000255 -0.000001 0.001374
mean: 2.352467 1.727411 -0.410529
cov: 0.000143 0.000135 0.000006
cov: 0.000135 0.016772 -0.000179
cov: 0.000006 -0.000179 0.024424
mean: 4.500767 3.600782 1.051730
cov: 0.053384 0.001206 0.010458
cov: 0.001206 0.000036 0.000253
cov: 0.010458 0.000253 0.129136
mean: 4.266859 3.738484 -0.620023
cov: 0.002991 0.009669 -0.004871
cov: 0.009669 0.033303 -0.014149
cov: -0.004871 -0.014149 0.026585
mean: 6.791527 4.257273 -0.177822
cov: 0.000117 0.000120 -0.000035
cov: 0.000120 0.000674 -0.000006
cov: -0.000035 -0.000006 0.000016
mean: 3.765023 4.456149 -0.601836
cov: 0.004993 0.013704 0.006278
cov: 0.013704 0.040008 0.016331
cov: 0.006278 0.016331 0.033572
mean: 3.134824 2.040875 -0.698130
cov: 0.001624 0.004973 0.000048
cov: 0.004973 0.037870 -0.000728
cov: 0.000048 -0.000728 0.000035
mean: 6.790870 4.257224 -0.177514
cov: 0.000248 0.000117 -0.000086
cov: 0.000117 0.000680 -0.000005
cov: -0.000086 -0.000005 0.000036
mean: 6.790109 4.257145 -0.177202
cov: 0.000118 0.000044 -0.000035
cov: 0.000044 0.000644 0.000023
cov: -0.000035 0.000023 0.000016
mean: 6.789435 4.255928 -0.177040
cov: 0.000168 0.000176 -0.000043
cov: 0.000176 0.000734 -0.000026
cov: -0.000043 -0.000026 0.000015
mean: 6.720574 4.687245 0.049243
cov: 0.002900 0.000007 -0.000503
cov: 0.000007 0.000201 -0.000020
cov: -0.000503 -0.000020 0.008215
mean: 6.789194 4.256384 -0.176930
cov: 0.000206 0.000129 -0.000059
cov: 0.000129 0.000707 -0.000008
cov: -0.000059 -0.000008 0.000021
mean: 4.102921 3.057554 -0.716952
cov: 0.044113 0.162324 0.000325
cov: 0.162324 0.621395 -0.000043
cov: 0.000325 -0.000043 0.000066
mean: 4.342126 3.596089 1.501191
cov: 0.034047 0.000635 0.014740
cov: 0.000635 0.000016 0.000450
cov: 0.014740 0.000450 0.018502
mean: 2.776548 3.482681 0.451942
cov: 0.011228 0.001059 -0.011851
cov: 0.001059 0.007850 -0.001693
cov: -0.011851 -0.001693 0.012938
mean: 2.345432 1.765284 -0.563092
cov: 0.000079 0.000438 -0.000468
cov: 0.000438 0.017750 0.005133
cov: -0.000468 0.005133 0.006713
mean: 6.789514 4.255885 -0.177047
cov: 0.000227 0.000247 -0.000066
cov: 0.000247 0.000844 -0.000046
cov: -0.000066 -0.000046 0.000024
mean: 6.788745 4.256850 -0.176653
cov: 0.000107 0.000027 -0.000032
cov: 0.000027 0.000663 0.000032
cov: -0.000032 0.000032 0.000016
