mean: 0.333433 0.482470 0.494732
cov: 0.000357 -0.000166 0.000272
cov: -0.000166 0.000581 -0.000065
cov: 0.000272 -0.000065 0.001200
mean: 1.623013 -1.699094 0.546690
cov: 0.002685 0.002824 -0.000740
cov: 0.002824 0.003545 -0.001303
cov: -0.000740 -0.001303 0.009084
mean: 2.294710 -2.984518 1.753912
cov: 0.015650 -0.000095 0.001989
cov: -0.000095 0.000134 -0.000231
cov: 0.001989 -0.000231 0.011972
mean: 0.128338 -0.113194 -0.036637
cov: 0.000664 -0.000322 -0.000012
cov: -0.000322 0.002444 0.000010
cov: -0.000012 0.000010 0.000009
mean: 2.895720 -1.035373 0.249947
cov: 0.003804 0.000495 0.006551
cov: 0.000495 0.017456 0.000278
cov: 0.006551 0.000278 0.011640
mean: 1.322770 0.237563 0.258413
cov: 0.007568 -0.002030 0.000434
cov: -0.002030 0.000564 -0.000124
cov: 0.000434 -0.000124 0.016133
mean: 0.344619 0.465490 0.088815
cov: 0.000871 -0.000628 -0.000035
cov: -0.000628 0.000947 0.000003
cov: -0.000035 0.000003 0.001076
mean: 3.256736 -1.555257 1.535466
cov: 0.003270 0.004414 0.001632
cov: 0.004414 0.017772 0.000973
cov: 0.001632 0.000973 0.032745
mean: 0.356349 -0.498549 0.014279
cov: 0.001665 -0.000396 0.000041
cov: -0.000396 0.000760 -0.000268
cov: 0.000041 -0.000268 0.001244
mean: 1.151454 0.463693 0.735587
cov: 0.000928 -0.001178 0.000256
cov: -0.001178 0.002052 0.000022
cov: 0.000256 0.000022 0.005605
mean: 0.186511 0.232444 -0.035645
cov: 0.001421 0.000858 0.000040
cov: 0.000858 0.002531 0.000029
cov: 0.000040 0.000029 0.000006
mean: 2.189973 -2.986076 1.220865
cov: 0.005819 0.000040 -0.000511
cov: 0.000040 0.000157 -0.000213
cov: -0.000511 -0.000213 0.012595
mean: 1.567820 -0.959142 0.000000
cov: 0.000105 0.000274 -0.000000
cov: 0.000274 0.019398 -0.000000
cov: -0.000000 -0.000000 0.000000
mean: 0.493367 0.317126 0.280013
cov: 0.000681 -0.000419 -0.000024
cov: -0.000419 0.000480 0.000024
cov: -0.000024 0.000024 0.005128
mean: 2.933652 -2.980836 1.987996
cov: 0.011472 0.001397 0.001532
cov: 0.001397 0.000179 0.000079
cov: 0.001532 0.000079 0.001539
mean: 0.335278 0.474450 0.198653
cov: 0.000606 -0.000312 0.000091
cov: -0.000312 0.000658 -0.000072
cov: 0.000091 -0.000072 0.001988
mean: 1.566564 -1.380578 0.000000
cov: 0.000096 -0.000103 0.000000
cov: -0.000103 0.021395 -0.000000
cov: 0.000000 -0.000000 0.000000
mean: 3.229252 -0.656705 0.821507
cov: 0.000191 0.001744 0.000048
cov: 0.001744 0.071221 0.000444
cov: 0.000048 0.000444 0.000012
mean: 1.567141 -0.582000 0.000000
cov: 0.000079 0.000035 0.000000
cov: 0.000035 0.015640 -0.000000
cov: 0.000000 -0.000000 0.000000
mean: 0.523225 -0.132175 -0.026621
cov: 0.000126 -0.000009 -0.000006
cov: -0.000009 0.008224 0.000000
cov: -0.000006 0.000000 0.000000
mean: 2.917778 -0.305750 0.267371
cov: 0.003861 -0.000702 0.006714
cov: -0.000702 0.017933 -0.001746
cov: 0.006714 -0.001746 0.011948
mean: 3.260299 -1.564546 0.978619
cov: 0.003017 0.000074 -0.000747
cov: 0.000074 0.019414 0.000614
cov: -0.000747 0.000614 0.019041
mean: 0.470973 0.340634 0.505202
cov: 0.001214 -0.001075 -0.000004
cov: -0.001075 0.001209 0.000099
cov: -0.000004 0.000099 0.001765
mean: 1.147398 0.320016 0.112270
cov: 0.002569 -0.001550 -0.000216
cov: -0.001550 0.002981 0.000362
cov: -0.000216 0.000362 0.006400
mean: 1.136859 0.495219 1.101025
cov: 0.000918 -0.001397 -0.000391
cov: -0.001397 0.002590 0.000575
cov: -0.000391 0.000575 0.003120
mean: 2.071152 -2.986030 1.593949
cov: 0.012013 0.000252 -0.003048
cov: 0.000252 0.000211 0.000170
cov: -0.003048 0.000170 0.010137
mean: 1.597373 -1.707176 0.074659
cov: 0.003625 0.002631 0.001208
cov: 0.002631 0.006573 -0.000803
cov: 0.001208 -0.000803 0.004749
mean: 0.133827 0.029285 -0.036170
cov: 0.001169 0.000208 -0.000002
cov: 0.000208 0.001956 0.000003
cov: -0.000002 0.000003 0.000010
mean: 1.548979 -1.863460 0.737283
cov: 0.000278 0.000656 -0.000366
cov: 0.000656 0.005627 -0.003616
cov: -0.000366 -0.003616 0.011331
mean: 1.404191 0.216251 0.477598
cov: 0.016826 -0.004376 -0.003489
cov: -0.004376 0.001150 0.000871
cov: -0.003489 0.000871 0.008731
mean: 1.166043 0.520539 0.203682
cov: 0.000391 0.001230 0.000185
cov: 0.001230 0.004811 0.000588
cov: 0.000185 0.000588 0.019013
mean: 2.014366 -1.639876 0.513008
cov: 0.000128 -0.000104 0.000481
cov: -0.000104 0.000085 -0.000391
cov: 0.000481 -0.000391 0.048274
mean: 0.335109 0.477153 0.416675
cov: 0.000523 -0.000290 -0.000133
cov: -0.000290 0.000698 0.000167
cov: -0.000133 0.000167 0.001113
mean: 0.461428 0.347013 0.387398
cov: 0.001214 -0.001026 0.000339
cov: -0.001026 0.001143 -0.000311
cov: 0.000339 -0.000311 0.002712
mean: 1.138327 0.332507 0.441699
cov: 0.001640 -0.000888 -0.000179
cov: -0.000888 0.003251 -0.000188
cov: -0.000179 -0.000188 0.007638
mean: 0.348226 0.453116 0.007106
cov: 0.001290 -0.000746 0.000266
cov: -0.000746 0.001396 0.000059
cov: 0.000266 0.000059 0.000910
mean: 0.522649 0.103560 -0.026592
cov: 0.000113 0.000066 -0.000006
cov: 0.000066 0.006079 -0.000003
cov: -0.000006 -0.000003 0.000000
mean: 0.195153 -0.142188 -0.035352
cov: 0.001966 0.000808 0.000053
cov: 0.000808 0.004240 0.000023
cov: 0.000053 0.000023 0.000005
mean: 2.987145 -1.349869 0.417106
cov: 0.006841 0.001327 0.011798
cov: 0.001327 0.016283 0.001723
cov: 0.011798 0.001723 0.020620
mean: 2.313869 -2.986467 1.476474
cov: 0.010661 0.000054 0.003800
cov: 0.000054 0.000167 0.000114
cov: 0.003800 0.000114 0.007081
mean: 0.314272 0.028769 -0.031980
cov: 0.000125 -0.000177 -0.000013
cov: -0.000177 0.020019 0.000018
cov: -0.000013 0.000018 0.000001
mean: 1.947111 -2.988683 1.672477
cov: 0.003211 -0.000205 0.000526
cov: -0.000205 0.000196 -0.000244
cov: 0.000526 -0.000244 0.011016
mean: 0.378686 0.436688 0.524077
cov: 0.001225 -0.001067 0.000180
cov: -0.001067 0.001354 -0.000069
cov: 0.000180 -0.000069 0.001025
mean: 0.364616 -0.506614 0.114653
cov: 0.000984 -0.000099 -0.000080
cov: -0.000099 0.000199 0.000032
cov: -0.000080 0.000032 0.001397
mean: 0.523351 -0.520679 -0.026628
cov: 0.000217 0.000024 -0.000011
cov: 0.000024 0.003944 -0.000001
cov: -0.000011 -0.000001 0.000001
mean: 1.668924 -1.665339 0.766224
cov: 0.005842 0.004118 -0.000521
cov: 0.004118 0.003622 -0.000786
cov: -0.000521 -0.000786 0.005937
mean: 2.559986 -2.984043 1.622885
cov: 0.017515 0.000370 0.003166
cov: 0.000370 0.000104 0.000069
cov: 0.003166 0.000069 0.006575
mean: 0.267874 0.308061 -0.033495
cov: 0.002720 0.000391 0.000072
cov: 0.000391 0.002388 0.000008
cov: 0.000072 0.000008 0.000006
mean: 0.490428 0.312707 0.016885
cov: 0.000946 -0.001045 -0.000048
cov: -0.001045 0.001858 0.000281
cov: -0.000048 0.000281 0.001592
mean: 1.140350 0.482949 1.010882
cov: 0.000924 -0.001454 -0.000128
cov: -0.001454 0.002805 -0.000155
cov: -0.000128 -0.000155 0.004529
mean: 0.444721 0.362335 0.081605
cov: 0.001269 -0.001122 0.000646
cov: -0.001122 0.001312 -0.000572
cov: 0.000646 -0.000572 0.003663
mean: 1.581973 -1.755271 0.333277
cov: 0.001339 0.001636 0.000012
cov: 0.001636 0.002897 0.000947
cov: 0.000012 0.000947 0.013910
mean: 0.277715 -0.326236 -0.033114
cov: 0.001985 -0.000445 0.000043
cov: -0.000445 0.002219 -0.000009
cov: 0.000043 -0.000009 0.000003
mean: 1.173521 0.553002 0.087411
cov: 0.000297 0.000815 0.000236
cov: 0.000815 0.002895 0.000551
cov: 0.000236 0.000551 0.005187
mean: 2.078067 -2.988148 1.900180
cov: 0.020201 0.000143 0.002267
cov: 0.000143 0.000165 -0.000003
cov: 0.002267 -0.000003 0.005299
mean: 0.328390 0.481352 0.317500
cov: 0.000393 -0.000118 -0.000030
cov: -0.000118 0.000515 0.000129
cov: -0.000030 0.000129 0.002253
mean: 0.373844 0.435665 0.319042
cov: 0.001335 -0.001147 0.000088
cov: -0.001147 0.001449 -0.000081
cov: 0.000088 -0.000081 0.001271
mean: 0.521134 -0.385420 -0.026515
cov: 0.000088 -0.000005 -0.000004
cov: -0.000005 0.011661 0.000000
cov: -0.000004 0.000000 0.000000
mean: 3.080379 -0.426618 0.558304
cov: 0.013502 0.011190 0.023118
cov: 0.011190 0.032031 0.018260
cov: 0.023118 0.018260 0.039796
mean: 2.016584 -2.985523 1.092881
cov: 0.010664 -0.000287 0.000402
cov: -0.000287 0.000265 0.000008
cov: 0.000402 0.000008 0.004762
mean: 1.723567 -1.632794 0.263858
cov: 0.006553 0.002572 0.000194
cov: 0.002572 0.001511 0.000238
cov: 0.000194 0.000238 0.013746
mean: 3.165880 -1.049136 0.722804
cov: 0.004855 -0.003901 0.008218
cov: -0.003901 0.035950 -0.007424
cov: 0.008218 -0.007424 0.014180
mean: 2.707920 -2.983959 1.836698
cov: 0.037440 0.000683 -0.006647
cov: 0.000683 0.000148 0.000343
cov: -0.006647 0.000343 0.014766
mean: 0.131221 0.126534 -0.036424
cov: 0.000815 0.000151 -0.000002
cov: 0.000151 0.001729 -0.000011
cov: -0.000002 -0.000011 0.000009
mean: 1.130625 0.498383 0.894146
cov: 0.000997 -0.001429 -0.000306
cov: -0.001429 0.002484 0.000586
cov: -0.000306 0.000586 0.005369
mean: 1.605575 0.163330 0.370744
cov: 0.000114 0.000012 0.000292
cov: 0.000012 0.000001 0.000030
cov: 0.000292 0.000030 0.020977
mean: 3.282428 -2.974170 1.829125
cov: 0.030479 0.000376 0.000947
cov: 0.000376 0.000097 -0.000380
cov: 0.000947 -0.000380 0.015045
mean: 0.226148 -0.001397 -0.034568
cov: 0.003520 0.000018 0.000095
cov: 0.000018 0.002268 -0.000000
cov: 0.000095 -0.000000 0.000007
mean: 0.379110 0.428470 0.156164
cov: 0.000871 -0.000614 -0.000134
cov: -0.000614 0.000838 0.000167
cov: -0.000134 0.000167 0.001822
mean: 3.308969 -1.433496 1.325484
cov: 0.003676 0.004840 -0.000146
cov: 0.004840 0.007039 0.000378
cov: -0.000146 0.000378 0.039660
mean: 1.567838 -0.230842 0.000000
cov: 0.000170 -0.000071 -0.000000
cov: -0.000071 0.017198 -0.000000
cov: -0.000000 -0.000000 0.000000
mean: 2.952733 -0.688234 0.338120
cov: 0.007988 -0.001095 0.013719
cov: -0.001095 0.018855 -0.002433
cov: 0.013719 -0.002433 0.023816
mean: 0.427127 0.381300 0.218959
cov: 0.001378 -0.001188 -0.000240
cov: -0.001188 0.001334 0.000187
cov: -0.000240 0.000187 0.001774
mean: 2.838296 -0.851769 0.144410
cov: 0.000133 0.001952 0.000007
cov: 0.001952 0.119478 0.000099
cov: 0.000007 0.000099 0.000000
mean: 0.387108 0.420647 0.437762
cov: 0.000998 -0.000770 -0.000236
cov: -0.000770 0.001050 0.000277
cov: -0.000236 0.000277 0.002124
mean: 0.264461 0.143584 -0.033742
cov: 0.002741 0.000006 0.000077
cov: 0.000006 0.002975 0.000003
cov: 0.000077 0.000003 0.000005
mean: 0.278613 -0.166086 -0.033117
cov: 0.002522 0.001572 0.000074
cov: 0.001572 0.007970 0.000049
cov: 0.000074 0.000049 0.000005
mean: 3.891219 -2.969775 0.942719
cov: 0.000080 -0.000061 -0.000636
cov: -0.000061 0.000046 0.000485
cov: -0.000636 0.000485 0.185831
mean: 1.971076 -2.989350 1.365960
cov: 0.005311 -0.000004 0.000645
cov: -0.000004 0.000228 0.000039
cov: 0.000645 0.000039 0.010990
mean: 1.802601 -1.608388 0.654024
cov: 0.008309 0.000197 0.000994
cov: 0.000197 0.000527 0.000401
cov: 0.000994 0.000401 0.019420
mean: 1.150015 0.524750 0.578551
cov: 0.000957 0.000453 -0.001678
cov: 0.000453 0.003887 -0.000973
cov: -0.001678 -0.000973 0.007414
mean: 1.578104 0.112797 0.068425
cov: 0.001180 0.000389 0.001500
cov: 0.000389 0.006455 0.003494
cov: 0.001500 0.003494 0.008316
mean: 1.928955 -1.621548 0.302881
cov: 0.010956 -0.002202 0.000820
cov: -0.002202 0.000603 -0.000563
cov: 0.000820 -0.000563 0.019048
mean: 1.129538 0.382856 0.305470
cov: 0.000236 0.000781 0.000167
cov: 0.000781 0.004985 0.000670
cov: 0.000167 0.000670 0.010699
mean: 2.454282 -2.994840 1.934485
cov: 0.003506 0.000940 0.000250
cov: 0.000940 0.000273 -0.000086
cov: 0.000250 -0.000086 0.002114
mean: 3.730979 -2.971415 1.960307
cov: 0.011935 0.000462 0.001473
cov: 0.000462 0.000023 -0.000107
cov: 0.001473 -0.000107 0.006102
mean: 3.892535 -2.970779 0.990243
cov: 0.000000 -0.000000 0.000000
cov: -0.000000 0.000000 -0.000000
cov: 0.000000 -0.000000 0.000000
mean: 3.905232 -2.980469 0.198695
cov: 0.000000 -0.000000 0.000000
cov: -0.000000 0.000000 -0.000000
cov: 0.000000 -0.000000 0.000000
mean: 3.813562 -2.972389 1.936278
cov: 0.013660 -0.000221 -0.008039
cov: -0.000221 0.000040 -0.000410
cov: -0.008039 -0.000410 0.012786
mean: 3.190277 -2.973866 1.944653
cov: 0.007143 -0.000335 -0.005581
cov: -0.000335 0.000048 0.000597
cov: -0.005581 0.000597 0.007810
mean: 3.225349 -1.682630 1.641159
cov: 0.000583 -0.002014 0.000715
cov: -0.002014 0.007078 -0.001232
cov: 0.000715 -0.001232 0.013925
mean: 2.909574 -0.480136 0.262524
cov: 0.006751 0.001889 0.010804
cov: 0.001889 0.003149 0.002618
cov: 0.010804 0.002618 0.017356
mean: 3.264831 -1.786455 1.329109
cov: 0.001092 -0.002873 0.001160
cov: -0.002873 0.007874 -0.001579
cov: 0.001160 -0.001579 0.014756
mean: 3.815172 -2.973922 1.937343
cov: 0.011036 0.000816 -0.008533
cov: 0.000816 0.000060 -0.000623
cov: -0.008533 -0.000623 0.013101
mean: 3.246156 -0.165211 0.825807
cov: 0.000000 -0.000000 0.000000
cov: -0.000000 0.000000 -0.000000
cov: 0.000000 -0.000000 0.000000
mean: 3.049366 -1.034876 0.518263
cov: 0.002108 -0.002261 0.003747
cov: -0.002261 0.006589 -0.004270
cov: 0.003747 -0.004270 0.006674
mean: 3.569559 -2.964253 1.754218
cov: 0.008556 0.000569 -0.000768
cov: 0.000569 0.000212 0.000845
cov: -0.000768 0.000845 0.004677
mean: 2.857301 -1.125888 0.182698
cov: 0.001982 0.001656 0.002967
cov: 0.001656 0.012890 0.003102
cov: 0.002967 0.003102 0.004475
mean: 3.331884 -1.411488 1.637886
cov: 0.002844 0.002934 -0.001387
cov: 0.002934 0.003246 -0.000523
cov: -0.001387 -0.000523 0.004430
mean: 3.250521 -2.972693 1.938907
cov: 0.014050 0.000982 -0.005560
cov: 0.000982 0.000111 0.000031
cov: -0.005560 0.000031 0.006463
mean: 3.236211 -1.702128 1.701220
cov: 0.000731 -0.002461 -0.000338
cov: -0.002461 0.008481 0.002144
cov: -0.000338 0.002144 0.005443
mean: 3.081548 -2.975168 1.722470
cov: 0.011366 0.000852 -0.000673
cov: 0.000852 0.000099 0.000493
cov: -0.000673 0.000493 0.008566
mean: 2.901491 -1.364842 0.259228
cov: 0.001624 0.001340 0.002667
cov: 0.001340 0.013392 0.002879
cov: 0.002667 0.002879 0.004419
mean: 3.312118 -1.403097 1.068050
cov: 0.002827 0.002945 0.003455
cov: 0.002945 0.003164 0.002971
cov: 0.003455 0.002971 0.008332
mean: 3.654157 -2.974773 2.045122
cov: 0.000000 -0.000000 0.000000
cov: -0.000000 0.000000 -0.000000
cov: 0.000000 -0.000000 0.000000
mean: 2.750127 -2.983640 1.631703
cov: 0.003675 -0.000053 0.000167
cov: -0.000053 0.000001 0.000046
cov: 0.000167 0.000046 0.003324
mean: 2.966443 -0.200914 0.353178
cov: 0.001807 0.001016 0.003236
cov: 0.001016 0.004879 0.002511
cov: 0.003236 0.002511 0.005907
mean: 3.227594 -1.586765 1.095103
cov: 0.000896 0.001887 0.001354
cov: 0.001887 0.003998 0.003163
cov: 0.001354 0.003163 0.006773
mean: 3.711724 -2.969088 1.791062
cov: 0.025224 -0.000586 0.001019
cov: -0.000586 0.000021 -0.000276
cov: 0.001019 -0.000276 0.022430
mean: 0.410893 -0.506732 0.151451
cov: 0.000191 -0.000122 0.000029
cov: -0.000122 0.000087 -0.000068
cov: 0.000029 -0.000068 0.000294
mean: 2.996247 -0.203551 0.407367
cov: 0.001314 -0.000788 0.002686
cov: -0.000788 0.005290 -0.002798
cov: 0.002686 -0.002798 0.005784
mean: 3.176922 -0.806557 0.728931
cov: 0.003767 0.004403 0.005805
cov: 0.004403 0.010583 0.006283
cov: 0.005805 0.006283 0.008992
mean: 3.892366 -2.970650 1.386280
cov: 0.000000 -0.000000 0.000000
cov: -0.000000 0.000000 -0.000000
cov: 0.000000 -0.000000 0.000000
mean: 3.162803 -0.214001 0.698301
cov: 0.001700 0.001820 0.003499
cov: 0.001820 0.005435 0.003106
cov: 0.003499 0.003106 0.007320
mean: 3.192122 -1.136547 0.772348
cov: 0.001751 0.000633 0.003225
cov: 0.000633 0.012703 -0.000813
cov: 0.003225 -0.000813 0.006259
mean: 2.475577 -2.979920 1.930878
cov: 0.002003 0.000263 0.000466
cov: 0.000263 0.000078 -0.000291
cov: 0.000466 -0.000291 0.002999
mean: 3.326107 -1.408998 1.635254
cov: 0.002920 0.003023 -0.000629
cov: 0.003023 0.003131 -0.000745
cov: -0.000629 -0.000745 0.005111
mean: 2.884733 -2.966873 1.649766
cov: 0.015928 -0.000701 0.004962
cov: -0.000701 0.000031 -0.000239
cov: 0.004962 -0.000239 0.004296
mean: 3.202703 -0.217868 0.761510
cov: 0.002005 -0.001884 0.003881
cov: -0.001884 0.006207 -0.003572
cov: 0.003881 -0.003572 0.007515
mean: 2.228508 -2.984644 1.095493
cov: 0.002495 -0.000717 0.000010
cov: -0.000717 0.000210 -0.000103
cov: 0.000010 -0.000103 0.002306
mean: 3.875620 -2.957870 1.380316
cov: 0.000000 -0.000000 0.000000
cov: -0.000000 0.000000 -0.000000
cov: 0.000000 -0.000000 0.000000
mean: 3.270866 -1.830655 1.664187
cov: 0.000000 -0.000000 0.000000
cov: -0.000000 0.000000 -0.000000
cov: 0.000000 -0.000000 0.000000
mean: 3.306791 -2.970170 1.905650
cov: 0.008679 -0.000266 0.001154
cov: -0.000266 0.000009 0.000039
cov: 0.001154 0.000039 0.004610
mean: 3.320243 -1.406575 1.632341
cov: 0.002645 0.002926 -0.000867
cov: 0.002926 0.003247 -0.000748
cov: -0.000867 -0.000748 0.004924
mean: 3.156821 -1.156984 0.707708
cov: 0.001600 -0.002166 0.003521
cov: -0.002166 0.015697 -0.004770
cov: 0.003521 -0.004770 0.007752
mean: 1.904297 -1.613066 0.128374
cov: 0.005645 -0.001266 -0.001218
cov: -0.001266 0.000291 0.000164
cov: -0.001218 0.000164 0.001844
